1000
6851615
3384959
8588679
1486495
2919601
8345578
3289495
3634098
2225096
3795251
7322786
1735925
4686649
2083428
6765802
6150600
7605125
9753803
8705260
4175170
5372505
8071355
1988190
9821789
8613830
2346396
5619372
6981369
4683827
5072085
5553342
6525504
1303466
2060936
6763645
6483439
3606921
4383846
8818358
5419694
4095115
5223819
5513981
9085713
8369774
2780884
3154622
3743239
4139934
4320928
4331424
8343625
7024834
2272556
4134619
4636559
4674982
8545563
8432709
4302551
2757561
1164109
2137295
9835383
4111887
6461790
5229678
4692980
7973538
3609426
3802599
6839939
1984173
9519103
8195402
6838783
4258450
9328235
3123122
7104307
2835581
4138262
5117644
6903042
7424312
8281578
4723518
9242485
1278353
2880010
4764939
5060740
3202177
1959680
1443029
3261855
7076910
3797171
6869089
1160087
3100324
3096376
6346714
4493072
1708935
8723095
2839599
5328633
8896316
2000632
4658318
2329166
9259473
5118111
8776822
3126484
1924995
4452709
4267391
3735479
7320599
1711000
9838661
4736376
5680419
1857566
7317806
6548962
5997550
3147573
1224448
1616383
8611749
1709982
8673143
1046677
1939816
3747794
3957685
3411110
1909685
1162460
6703027
2044607
8140700
4275393
6754423
4964600
3419538
5392933
2166310
3346189
7857362
4806879
6151269
9489484
1472097
9586158
7962835
3503551
4068736
1303573
9112346
6003076
9673120
7798157
3591198
1529770
6885145
5679353
9494796
6320950
4391629
3136423
2017311
3774462
6670331
8107805
5773935
3355693
7583894
8733393
7709596
3139768
9641959
1037997
5398106
9232743
6098848
6130618
8695197
1071671
3407684
9393523
2388399
4714030
4999571
5045045
4564599
1271872
3841770
4711629
4433093
8575242
9358354
7568761
4712803
6114532
4897656
1445355
3985103
2912419
8934614
6131698
8999135
1243871
6816465
8220787
2083612
9788417
2926682
3265424
8958378
7260873
2599985
3720551
9341479
6893694
5613839
6080181
6177706
3967239
3568450
4747092
4263222
4375193
7532671
5060338
7556312
7717352
9405875
1297362
2348925
8006787
6768619
3035080
7565760
3386122
2757094
8275225
9143483
5966891
2636903
3487057
9078508
6141677
5620983
6230400
5762250
4595403
8619491
7865799
7061056
6378397
9522162
4027990
6902161
8369131
3480146
4075945
8902821
9610963
5097476
4311924
1256499
1451692
4463125
1379003
5981176
5127418
6001118
8067599
4016903
3790204
3915183
4389693
1967889
1923644
2142007
5042824
3947168
4860614
5896928
1383289
5808055
9096076
7087865
1736421
3544372
3188737
1849020
6796839
4756417
3111139
1878089
9775215
3141103
1743614
8402715
3660091
8017493
7627854
8245418
1330508
4417616
6731444
1068256
1281363
2425699
2573533
5765297
2381653
8928177
4714366
1870381
9106508
2827520
8080275
6038736
1928951
4420577
2913113
9296292
1433668
4713598
8676394
9580101
3385724
2169115
3363225
4584269
5630127
3257000
1341798
8879162
2441097
9023390
8246892
9407461
8500101
9605985
6964608
1016076
6413264
1010245
4090355
2811147
9065472
5645140
8355499
5849862
3837301
4427591
8839646
4789635
9217776
8482803
1058512
4427574
5014715
5710630
6007710
5018036
2066361
5171322
2862123
6223197
7185054
2020249
7702642
1324964
3711329
7779275
1799869
1352553
8411345
7928668
1911861
5000425
5782125
3910546
9776450
6222620
6797663
4732413
2479141
2144712
4172435
2665808
8377243
1339557
2100300
7171304
1354212
2792864
7766199
5585794
7846668
5295588
4520379
4559242
3988913
9987998
9296400
9105665
8311357
7157847
9823127
8459927
1079821
4565176
1336106
9391241
1800339
5950762
7322845
4543141
5025528
3416860
4346612
7445565
9048077
7931313
3332598
1697281
9228692
6306128
8788746
3211855
1012777
5501846
5280152
9064207
6671574
3643930
6665130
1865427
2635775
3279831
1738156
8345596
2410754
2410496
3527448
8975371
1946643
9593791
6330663
9965590
9188318
6278174
2275436
8663433
8856006
7980786
6735043
2631032
9207228
9199573
8746497
3111123
3217763
9715468
1168228
5696474
5768083
5853425
9784727
5386009
8436635
7190825
4882518
1604509
6241069
2982544
6020648
9670255
5335580
8566963
3383780
1445136
4361912
7643887
1055196
7510415
2416524
9959906
3739913
8357983
7616558
2265079
5514414
5239853
1844209
1967629
5599777
6350697
6046015
3953746
7111094
2957963
6282650
1057596
2929382
7452520
3820524
4578313
8893128
4837853
4686565
5519912
6680869
6095411
8847828
4805063
1038177
7762148
5409329
4497814
1186729
7995653
7162234
1766517
4219151
8130941
4414203
7985258
7327277
6890486
2954067
7591990
5893064
2680785
2500035
2514896
5885692
1375207
5610769
1270162
4091472
1723228
9784286
4490555
5061450
2299839
4239940
2300829
7369758
3619681
3882156
9925105
1554626
1634051
3299694
5583663
1548989
6209691
6510265
8427963
4047753
9221543
6388285
3495316
2401398
5782307
5555279
7583927
8936703
4599776
8828268
1906980
1510730
3928926
1013936
9752959
2541819
7946564
7808008
6978914
2678314
3098702
7948710
1498817
2733518
9097671
1467500
9604590
4679672
2019047
8781724
3339335
3327541
5446062
5763143
8936789
7165550
4372073
9974300
5753334
2440985
2084085
2601907
5718558
4143572
5172594
3588442
5201706
3778584
2659595
7275143
8533645
6390612
2638307
6319197
6631742
7018091
5017106
2555100
3796506
9579640
1688361
3010107
9003646
2143752
2709258
7872161
8196465
7272368
4148499
2654828
1135752
2327416
1292389
6042696
7409985
4932903
3528984
2790700
4428060
4067433
1031354
3112577
2671879
7490885
6728233
8770796
9205353
4808419
6921668
9363756
6441146
6240725
7536625
5278215
2857386
9111116
6587602
7794281
7937303
2530166
9461642
8018791
7075259
8772421
9657360
9478458
9301412
5383555
5491329
7266879
2723734
3344293
2924898
9166662
8406375
7680525
1278622
7678952
7492338
7449276
5913462
8978390
7825615
9910454
4164007
5497047
6502792
5023367
5694128
9522497
8832095
9307182
8247964
3627619
1075919
8287736
8650997
2686906
4720897
9022984
8838731
9497882
4532192
3722477
6940468
2109871
9602958
9458316
4554028
8018851
2996832
5924822
4297614
7633041
6853616
8397053
6595011
2714411
6001019
8775554
9385123
2799993
7097931
2995817
9331339
7873482
4569709
3560873
6176326
1658407
7075021
9635878
6535399
7027581
6000345
3183305
6415630
2990259
4133284
1574042
6404105
2831644
4076956
2857995
9882046
8311102
8205382
2229904
9438854
8274779
8580201
5207037
4209899
4282767
3027264
6010399
4888509
3211051
8683357
9383423
9178858
4833145
2086970
8564852
8904485
5999352
7199017
8120409
3419210
1609074
2414072
3110110
8098455
3988755
7094045
7512273
4443396
6213084
1104817
8263319
2955390
6584432
3389690
8032719
5760024
3379477
8464385
3257720
3982164
5930967
5705806
9260292
9800433
1403425
5248760
4643452
8081550
6389612
6129322
8333964
5530286
2445844
8476410
4633161
3494316
3730577
3032116
5561218
8796634
6451851
8856816
6073540
2228580
9189849
2510287
7600818
3365394
2177362
1326412
3966732
9262559
9685909
5621680
2799694
4226380
5706973
3139774
3495844
3624256
1542440
7182514
8263228
3060500
6963522
5592220
8199691
5799570
2593773
9107169
8316164
1958214
9656923
5771179
6332270
3761561
4696782
6716008
3440860
4321858
2516783
2542065
6090778
9030197
1429757
6805821
9784854
9609281
3363568
3877693
8232965
7215213
8330189
5749601
9220999
9823747
3843180
4882251
1192964
9878968
5480975
7927651
1033528
3447386
7140637
4546771
7665836
5872643
2314952
6946316
4721686
2194822
4150987
9120593
4910203
1945152
7249127
8867050
9103076
6068281
4913639
1895565
7294606
3582131
6992250
6615040
7230622
4605178
5212704
3242322
1252332
4178974
9127552
2027994
2537269
5290189
8432752
1349056
8486799
5539476
6779582
9831428
3481376
8522487
4812574
8379916
7424744
1012207
9530676
7805642
5357743
3763780
1106740
9169733
2609793
5411900
7601679
3724502
2651752
6461971
9646640
5415615
1043914
9035388
4568375
1409312
1130893
3476615
7508845
1964793
2005111
5089419
2498632
5930703
9938930
8577542
8457265
7417481
8962294
8129482
5487491
1083315
6480017
6823971
5910006
4986677
2897940
9208815
5828340
7716876
8789359
6648629
5474419
3387378
8485455
4138954
5736588
9463698
5453982
2271288
6559146
1183111
5452420
6203703
7407567
9964790
7947283
8901465
8019666
3944337
8802216
6543041
5705469
3559541
6121368
3111300
7510461
6180174
6366928
6829044
1410530
