100
8835640
7140154
4026316
5458234
8297173
4191560
2904175
2765559
7746338
9721822
1317407
9211579
4408779
9484575
2034103
1447721
8537578
3784191
8692210
9347252
8599243
7372871
6936456
5441581
2114933
3306637
3240348
1162580
8637323
4802315
1733649
1782429
1135612
5273070
5741301
6164822
7387863
3506123
1831414
8884110
3554090
5933870
2885243
5538832
8199900
4191539
5265157
8413745
1508936
9610361
2188871
5640358
9444652
7588131
2283515
6552994
8217026
1373713
7635503
6583982
1622823
3605039
3414831
6135738
8824866
2284541
2487028
7066452
6865542
9334711
1715508
3265463
2725690
5181525
5880963
3547814
5001095
9552790
4027146
4248665
5600284
6723673
3597062
2726935
7640062
5537740
2951012
1794197
6237740
9839897
3853330
2978526
7973001
9146318
9455673
6146099
1149234
2651468
8190361
4269622
