10000
4881046
2346486
9832102
1689164
9561446
6548796
2766841
1891391
4580321
1236652
2562409
6831656
5188708
5790733
5664520
8941966
5066647
1913645
4314383
5498575
4486897
5728688
7390573
8472857
9172365
9018424
6086341
3685450
8722413
7638950
3016451
8263100
5679389
6690536
3648311
3381932
3526427
7685468
4642164
5769866
6716988
2698357
5412786
9332790
4814210
9055291
6228690
8905745
1415516
4046424
2175681
4670506
5177101
8116568
9466760
6063683
1897994
3672032
9636050
7028699
9600029
4893035
8731759
9230389
3352726
1242458
7103000
1510745
7140132
4872746
6452332
6750841
4820704
7742650
6668762
5915559
2599474
4297821
8253846
8473278
1858623
9392278
9639936
5529174
2464162
1390994
1745891
2248124
4979874
9800074
6140387
6761250
1474108
6609625
7328162
2190555
5883913
6306914
8430676
7210538
4979250
3599438
9710384
7129467
1556051
9720821
7538753
5795354
8471669
7573660
4362157
2846772
5547248
4157462
8698213
4020699
4901232
3752246
1306606
2636325
8168326
4506348
8413407
7988991
3095433
4170446
2612579
7038183
7896654
1923754
9380264
3162080
2804165
9474993
4757560
4900881
2228622
4952645
6213528
2038096
2543891
1826086
2781527
1384955
2346214
7751258
1561463
4094032
7526926
6753940
3758514
6299414
8857213
7863680
7256822
1428179
4774646
8544564
8226435
8136840
8655196
5404688
5618510
9589970
5237957
2760265
3540141
7445203
1549320
7799994
8333974
7714840
5253628
4352485
9795130
6375772
4223195
8853738
4884527
9249654
3941789
6833101
2845494
9237198
3846017
5446916
6916697
3043366
7313385
2356449
5104120
4466079
4832565
2029150
2559045
1797177
7855866
9073447
9064606
1381696
4173363
8052461
8755563
9977707
4066368
4568184
3062112
8571847
8018101
5879228
3306060
1827716
8769526
5785463
7142930
1377470
9808688
4799698
6090983
4175239
1071683
8582751
4086300
5477131
2739631
7583362
8532854
1864429
5794827
3613212
2708708
1180912
5325045
4776428
8783959
9521881
4470454
3009382
5534120
6347787
6283461
5446081
4148910
3414131
5658534
2984332
8289406
4345470
5357795
2274385
5457216
5641551
7896500
5316989
9541839
1777213
1632274
4585574
8617575
2951893
1215938
5237334
9910165
2082549
1174903
9538072
7704875
3122681
3442463
8563689
6531771
8544649
7674579
7745441
6481973
2208714
1512376
4998186
2528547
2387420
7215450
6120664
8146820
6104349
4196259
8776091
9973871
7437221
9336992
3059289
8341667
7762730
1532989
1384767
6942435
1183820
6294857
4106289
2487678
1334955
3516131
9543584
5435719
2698472
5256302
2633940
1522802
1954810
6259307
2444915
3928944
1984459
7508773
2161481
3501340
8310586
8867242
7529625
3413038
4155802
4385520
9998803
4449239
8545003
7187469
4918566
7677013
5042856
8135067
4288536
9851321
5251689
6486890
6539259
1001054
5969441
8731328
2236771
2775532
5403131
3387510
7593814
2396158
2776241
2542268
8651035
5081671
6009510
7597263
4032335
5030947
4625285
7956441
7664436
7364757
6859305
2178489
4751962
1051828
3916766
3552004
4093059
1429643
3587696
5702564
8338474
3275904
1749796
2748591
1188380
7655956
4925220
1336098
2301051
2202555
5098103
2724678
3888318
8127598
3267968
6330459
9324837
8055943
4400213
6330116
5292764
5031804
9114131
3227395
9220597
9135847
9685881
7576757
3568596
9373372
9292323
9470440
2305933
6674364
5589920
4292644
4089009
9562216
3662454
9410879
2848201
6378169
3216596
5637597
7135114
8398256
7457872
3338734
8869155
3321873
8032115
1497985
2615387
9305316
7188738
4613921
8476750
6530006
9461975
8577655
8961673
1978820
7631815
3421968
7162748
3445034
1971181
9290815
6809616
8578810
1303272
2097285
3331250
5397840
5784721
2043623
2161159
2031133
3270271
5077616
4947953
1955857
9697430
9555032
6107233
4259886
7810286
5871036
5328341
1435978
8516040
6866336
3025844
4060652
8715719
9211058
4284672
6132250
1069165
8773975
2190259
3532122
8616251
1750747
2966821
9955606
1923693
3269436
4932053
9217141
7705973
2868096
4959303
6222447
9034119
6775784
9511414
7949921
7788462
9331100
3703698
8187705
8817285
4163288
5247147
2348723
6434945
2983247
6399559
5417853
6684133
6487846
4576713
8939886
3145262
6903323
9855946
2187013
5681713
9891798
5994117
3293473
8305689
1981560
8960685
4450236
1077054
7300851
8003138
7878485
1705091
7808633
6345789
6114102
3726366
3060241
4155720
7090169
8218469
2443303
7820978
1810650
1383104
5743386
9277545
9524728
3513778
1422299
6224529
8758341
6802428
9285476
6787693
1347280
6392196
9018854
7590684
6566783
2088858
6684615
3800101
1998995
5691060
2446387
2190990
7983582
3297154
9789537
9941882
9677551
8580333
4550153
5514369
6351953
1360540
8100404
8647117
9770855
5889103
7425588
3648650
1163908
1653935
6307085
3558918
9378762
4132334
7065755
9378594
5027153
4956068
4118541
5853024
9478754
3184322
7109737
7223317
1554763
7051506
5526530
3606817
6254012
2040710
5288886
4570813
1753578
6965353
9152020
6237508
6299364
7754372
9826334
6055030
1499700
4068546
9685250
6523953
3138008
2237310
5236431
9435049
6960145
4800739
1738869
7851417
6238882
8705196
4453293
4083195
7492836
6899189
7783418
7349661
4413584
7502842
5666287
6426796
7255310
7784672
4738130
9336894
7719238
1130321
9791072
9798027
9461740
8341556
4251211
7634444
3828993
2197396
1433049
4761391
6790063
2902840
7016918
4448050
7109923
1318835
7694821
3531918
2525657
9683724
5784409
8643110
5729420
2110033
2482834
7644448
5699205
7559840
4802709
7039403
7391277
4585519
1746268
1276410
1810789
8393174
7550680
2884137
9864045
8347465
5586867
6245302
8236179
1700322
9368322
3342481
2140006
4095222
1233481
5677495
9212123
4937847
7858561
4927116
2690023
2087955
8257167
6367072
5986053
5962419
6696511
6338491
3587938
6537598
6442616
8314356
2906110
4839127
7996752
1928958
2109845
3566221
6110139
5358404
4691038
8564354
7082487
9196528
3363378
8491174
7100435
6755503
3946329
6126205
6739704
9145191
3305017
2434343
2839856
9932843
7926848
5059646
4644134
1569870
1562795
4408557
4582669
4550911
7940935
1993056
2646301
3230933
1412960
1743199
8517050
1460963
3307151
9092783
4622366
4643262
4257176
3435571
3280466
3349460
9950411
3410966
9573216
7745799
4494915
6999533
6333164
7490579
9087389
2680284
6814419
9965509
3021779
5935693
3968211
7050301
1169233
4325584
6965973
6454805
4069078
1150000
9502408
4264114
1835534
7508442
2788527
6354082
3750887
4240428
1550053
3697296
9049474
7573980
1142087
6376500
9392812
6406694
9865514
4545503
8405909
7747234
4479822
1565398
4884167
2703206
3119186
3694620
6984242
5236552
2823265
1537645
1055471
4531127
9859020
5369401
4163940
5502147
6861546
2969878
2756351
1223058
6940373
4857041
6667357
3399540
8640550
2493343
3656924
7359594
5588027
9026015
7646678
5410155
7853342
5377858
9053129
1533055
7347233
6248142
1306940
4358016
5966449
5383479
1634068
8013845
5099320
2959312
3477624
5152857
7223542
1097793
2632064
8251372
5812762
7077673
6523404
5527929
5897148
4985398
6317123
8569528
3911751
1676387
7181938
7750149
8257989
5914394
9579952
5868568
9988386
2602778
3190271
5411943
6312108
4166194
8447148
4965553
2294434
7106671
2022810
7772589
2667485
2385531
1956339
5035883
2244484
7883039
7938928
4366873
2387275
4010763
5160866
1597465
6801893
3359531
8440665
3238304
8956385
7655372
6564044
7154674
7402139
9763311
6757450
6883821
4423908
1032630
1886112
7836948
5541187
9003478
5185994
2296966
3626117
9449820
6752911
3062398
3342730
4461395
1367280
1412084
1525097
4466092
5952960
3547900
6713359
5595535
7224338
2812389
1548931
2353113
7257166
9153133
6974917
7092703
5190661
4117819
8498519
2860419
9558710
4384094
7422563
6729141
2644641
8893901
6170727
4641108
2796100
6365094
5537158
5650636
2259012
6161955
3294559
8753995
1143638
5067162
7897747
6257359
9860941
4102620
4347571
8726266
7353429
3471768
3342304
9836553
1042592
3691089
7377462
4035217
3288585
9681886
1082010
9413940
3447486
5354985
5317682
4050939
8007579
7824747
4444582
6339836
6965180
8733861
4392221
4469406
3394714
2885714
8624050
7800371
6580426
5365732
6535560
6768198
9836369
4957236
4475347
5595869
8465436
4107463
4844033
6443472
1579494
1809053
7153831
9374099
2707466
8705027
7417664
4803809
7593675
1327428
6545211
8839170
4670345
6247628
2922651
4024287
3819590
3504549
8422724
2337579
1914250
3089374
4938236
4902604
7836339
5074329
6526487
1089299
8370352
4262987
6019840
8710121
7152783
7462386
2596100
2516410
8368788
5128283
4768359
4693078
6139300
2842809
9807484
9278758
8621802
7681293
2556729
1257085
5282322
9974027
4611385
2562936
7452604
4154409
6019941
4129902
7463810
2528366
6509093
1927899
2110004
1515464
6966802
3428658
8479683
5346814
7857511
8863914
8973396
1968992
6305305
2086523
9517255
7880396
2686003
2208824
5667816
8241114
9214182
3281039
5558852
3189107
5767577
6597960
7458184
2903686
2954636
9112067
8277910
4405035
3161995
5764829
3796561
9388836
3621384
4460604
3943314
5243792
7642225
9792217
7898970
1033074
6604580
1016014
2510459
9266826
9966527
8230769
2720922
3528795
7152211
5711183
8408942
9590045
1026771
9610652
2421422
1074500
8718521
3323099
3823584
3266857
4243954
8217730
9141158
5327335
1096130
7406200
1913381
7481145
7445026
1334105
9121463
6291971
2881576
3091680
3655184
2368502
3919047
5135399
1291392
8837488
6034400
6363036
1575240
8393467
9244672
3423349
2268487
4865596
6769644
5667254
4324431
9519184
5074353
6717808
9225435
1245571
9143592
6834012
1972475
2702529
8556929
2337536
5679258
1638496
1528463
4813442
2631822
7634190
7609180
7300395
4261002
5162864
5933341
4325678
6716280
7125058
3605072
6982330
9921051
3637934
4434828
1854812
4758403
3652199
9461346
7816984
8423536
4678205
3618170
4353098
4920308
1857431
1750880
4306344
2447780
6897756
8041487
8264938
6407886
5288258
4125238
2683614
1805729
8885739
6559706
5190677
5239952
9396109
9781995
9583746
9969520
1446225
2913747
9263845
9778572
9393687
2238171
6186515
9479806
1394512
1089040
5002840
6471409
5905939
6362213
2864231
5895955
3589765
2628442
6724370
1630240
9633907
2809996
9902014
7932820
7623914
5033942
7517161
6231728
3356970
9700929
9640159
1766272
5739558
9351079
2075913
6258131
8085495
3028301
9620367
4434396
7320049
8997457
5629576
6855264
7423975
9218729
7987615
3095145
9394523
2833430
4975729
5629170
5983401
7798856
1693500
1249795
5616173
5884347
8371747
7765502
9702129
5387217
8691000
3568490
6198076
8994817
3444904
9518623
5081072
2479904
2029845
1232659
7546827
6420454
5514969
3984876
2763752
8701156
7236015
4416750
8688479
3144100
4539494
5484014
3032371
3253448
9910849
1733607
9336747
7742223
3551609
1128756
4442371
4816668
6391644
7159023
3893068
7035033
4489194
8398713
7813697
9263540
3445734
6808682
9622532
8616911
9978938
2987970
5589393
8683381
1361591
8362672
4775065
6153179
7672939
2722995
7949746
8820797
8227012
9120479
1879549
2953955
1593644
3289089
6895312
2757786
8749341
5689757
2593573
9770342
2138416
4345719
4257483
5540696
2253617
5771825
3261836
8943716
5541661
7208788
8108544
6828990
5933679
5732249
4886624
7165173
1900591
6320225
1750821
2709855
4508044
6049371
6804242
7195238
8537077
1967990
9391167
7768003
5428746
1145318
1994544
4672138
3984992
2631779
5469910
8030557
1723789
8024648
3103628
3939069
9225337
9974761
7074989
7824493
3637023
9159624
4646789
9050664
6953538
7237169
2994957
6150038
4663715
5224515
3600939
9094546
9160386
4795529
4408985
3667375
9908155
8109066
3719452
5619427
9658908
1673917
8280753
2477004
3714188
6536752
9715476
1547017
9096494
1757138
3085273
1383563
3283471
2410142
1448335
7394245
4830588
3650410
1322881
1401921
5030360
1415576
7451199
6913429
4509308
7388901
8131413
1292957
3557272
1462864
4554683
1597226
7296866
8335044
7836389
5113306
2735157
7179704
2363699
2582617
1649612
4551589
9518380
2241568
1566047
7782882
6001023
3419124
1268109
5414884
6383386
8205010
9528795
5523026
3933567
3787752
8064372
6115951
1592164
4277199
1632673
9683776
8745602
7532095
1467364
8000888
3591257
9266202
5884144
9352808
4469298
6038237
9885499
9561836
3524285
1623572
3767183
3938732
5556060
6455517
8505261
7602416
6671328
9865735
8198172
8983535
6318267
1030155
5346361
8720881
9135549
4509243
8740111
8388674
8469795
5226442
2778920
9965833
5778702
7681587
9912541
2287105
1154256
3546557
5306683
5142791
7641101
3847030
5052951
5375245
9448407
7540952
6984924
8502949
8458698
5943457
6967819
6361281
1805506
4593822
5842618
7234706
1415713
5900162
5842976
7955863
4294062
8653682
7573848
8741384
2476059
1732284
5156612
8354674
1466006
5378337
9922021
7932413
7107003
6186864
6479296
8421243
9244936
6052804
9414771
7153547
6330784
9022232
7347472
6521175
5291708
3836321
4544977
7370634
1097864
2386419
9552069
6126918
9252114
7895848
4701179
5593395
1311337
1748046
2071029
7214795
2613196
9678344
2709855
8251318
3316536
3241152
5920872
5003288
6209502
4078458
2781800
8739091
7949476
2246275
7738739
9696866
4065747
3991155
5948061
5287690
3461345
4695480
9536831
9013919
2534184
1975212
8209041
6696845
8913304
2618089
2233640
5134485
9266153
1070428
9146322
9100242
1130307
8330671
4901136
6346980
8463177
1042610
2500196
4430884
3989259
8711500
7661636
7182040
6412708
6698749
7519750
3130553
2027797
1043431
1650340
4257146
9030952
6789894
9185282
8211827
4299631
5484253
1106861
8207031
8258725
8978747
3449815
1999274
6030989
4103357
7304561
8041582
6894714
1080268
4027472
7143582
9200920
1609745
5987587
8106051
2711130
9773999
6225948
1490719
9931459
4438058
6564854
5633688
3554777
3873790
2917773
2746559
8725286
4748610
4507357
8364921
2582673
5306238
2338748
8379621
2271622
8695841
7129417
7281166
5245385
3895752
2019162
6713962
4647377
3852011
3245424
9964827
9337531
4137417
4768351
7408109
9317404
7680071
2376731
2982297
8851003
3707108
6198717
7892840
9759070
4369623
6371894
5363452
3924741
2295916
4270099
9657843
6655077
1033917
3494922
8321236
4494606
2673157
3171060
8186382
3937846
6145994
2009852
5550958
7057111
6420755
1358679
9444458
1176535
7825878
4462509
3208763
2825191
1875135
7859263
4921895
6585919
6331454
9218345
6564350
6436120
3895343
1436330
1464156
8828058
3535839
9873699
2482105
6775311
6702428
3147980
6594629
4992912
6982318
7281213
6790846
2336823
9823612
2938908
8533926
5509589
9186049
2156130
1582384
8075349
2601936
9165124
7859299
6090528
7337957
1993063
9928850
1896987
8627157
9764163
9881361
3447334
4944488
8394243
6220516
7385351
3676285
5580532
5650068
7274687
8116534
6413565
3140091
6334531
3491901
8188806
1132722
9396670
8865078
4844180
2977655
2899700
3821655
4115804
2407444
5315730
9957381
4455734
8943453
6542197
3492008
7454412
9203146
8248809
5492744
8999692
9286253
2316556
2932760
4373811
2818189
8560954
7556123
5875762
3425027
8835618
7742543
9525629
2144244
5229177
1759927
4565114
3792345
5751453
6039444
7285527
7720146
7540189
9174669
2788224
3768633
4775823
7824389
5675079
9175549
7279915
8435110
4290893
6032301
2023975
8214661
8934240
6241063
9170026
5636261
4493910
4300032
2623613
3234839
2404194
1922175
6176878
2253410
5712332
8332188
2248959
2472302
1379613
4700574
1125632
2836463
9993804
4556597
1691689
9905575
2331491
1757732
6595450
4821788
9218494
7412683
9820103
5675411
7871197
5279722
3504814
9878516
3978448
6255682
7105331
2797800
5946339
3801152
8252606
1521112
2564338
8661962
4238859
4206543
5446567
9931015
4742923
1511561
3189617
8363057
5082530
9886149
3596232
6660742
7102817
4186672
8856391
6439623
5785652
7105444
1833153
9510711
6737295
5432688
5395223
2375823
9922965
4441817
1309393
1798633
1250025
2765240
8217580
4514107
9193473
9970485
8197755
7214342
4838687
3559460
1152217
1075230
3364067
3326006
9848678
5741444
3014710
1394819
9395048
9964617
9087552
7169502
2435068
2956997
3127580
8636201
3927261
9814505
8570226
5509289
9927245
5680425
5507398
3440700
6192378
9387406
9048568
5669529
9384499
3565849
9710452
4364048
4243331
5111299
9416467
4427588
1502461
5375356
5324961
5797981
1379873
3969362
2894945
2476410
1262158
4393669
8472078
5384710
3878689
7324815
3545275
2824465
6896805
6128760
4436822
1561322
3591692
3914771
4436129
9077155
2496677
3983418
4894041
2335213
1709023
1789721
1584114
8028413
1943237
1851888
4336932
3003302
4240682
2430594
9534655
2504000
7937199
7742165
3349029
2598264
9905579
9488042
4735720
2780369
8118707
7806919
4232993
5634867
1640890
4788458
8613123
6612619
9988427
2381513
4310879
1902699
5382069
7726382
8066610
1913777
2521454
6208032
7433348
5181157
9763395
6764015
1726259
7143951
4052456
3210279
3950808
6989839
6087875
7491745
8723152
3480569
9699446
6361837
1934438
3954791
9451748
6540156
1299430
8633720
5588444
9654556
1118222
8522481
2750117
9137748
7294769
7202522
9630048
9399130
7241540
4753084
1851109
6147835
1192012
1152721
4935519
7382458
2706551
4757643
8784161
2813220
5022843
2364712
3782933
3122339
9357213
3073942
7255915
7063824
6910220
1371571
7761912
4683485
1326925
4908928
7654455
4838715
7862623
2959335
2630748
2896185
8766897
4169777
3528558
8890229
5506387
1235076
3651165
7130735
7899300
4126740
9548197
9069499
7305819
1584992
3712714
8632831
8094047
4335631
7100981
2784622
9254035
4932132
4169270
5027427
3949908
4562104
7285779
8175681
2825117
1888679
6616072
8850546
9025646
1667629
4939887
9601413
9245840
8967865
4303802
6237261
2351388
3112425
4748383
8939119
5705013
5164143
7568516
8652843
6121964
4108332
8690644
5261751
5602707
5363371
4287288
4463863
9852692
4014001
2492193
7162552
8094715
2333099
3420029
4861919
5346609
7977960
9347649
2490036
5609506
6798712
9427255
3240076
8431986
8523387
5639759
2169583
9753348
5000750
5470627
3157023
9886819
4016211
8618774
9886145
5387213
4816800
9552989
7983088
9211629
5815075
1169673
6343967
7350560
2510379
5914188
7514894
1368210
7385785
2136266
6362017
6493506
7887552
5832210
9818341
1819164
9887546
9365006
9868900
5208726
8701869
5971895
9340905
9452069
4475365
8291117
3348943
3201281
8155779
3606117
2794590
4442902
5004637
7174140
9095303
5129781
6347687
3635371
4609418
7045402
6669514
2275804
9860781
4490407
1498867
6829845
8940031
7275218
6060214
4423978
3982348
4685731
9673708
9429120
4073843
5893233
2157818
1773359
5471318
8868318
2812443
9896512
6552442
9344296
3719000
5643848
2162207
2431185
4877198
5694660
7626088
4335041
9164017
1387038
9454486
9353762
1303983
2930822
9254546
2798885
5619863
1124637
7751641
8033396
2341946
1638430
2211612
8359432
1759985
7248526
9142184
4836252
1931241
5071502
8899298
4959658
6279100
7134999
3119759
1951565
2538170
5635694
3259554
6583046
2694327
3680311
2680262
1528035
8615701
8688135
2087638
9773429
6466196
7740653
7087299
9028273
9930880
4430441
4826341
7315386
7535284
5717585
9314652
6784157
7528165
5513440
1921009
3173437
6868105
4561431
2838847
8779928
7411401
3507832
5727119
1605634
1874172
5787913
6675509
9392441
1152973
1622031
5519412
2825713
2994079
9592804
8125272
6606825
4374582
6836330
1440741
9001878
6463753
1604144
6074875
4785086
1028055
9416700
3386700
4651680
3622343
1956626
6097328
9697195
8985468
5628532
6852744
2833156
1114439
6387539
3943361
9712644
5043990
6988014
8079091
4655434
7388766
1655272
8441554
7399733
5483668
4160991
7554180
5736292
7845897
1683450
7039739
5607082
5493991
2868451
8583693
8137500
5237533
9933470
9429257
6418573
6154795
6521969
1514436
4474797
8309714
3584989
1051924
2490526
1288258
4547611
7743556
6282119
7318746
4489115
6140336
2966660
2703834
6442417
2587146
6154078
3939612
7084161
2729335
7946863
7628668
1532118
1711891
3918841
4665629
9766261
4509267
2350416
6688349
6743111
1274091
2050037
2379507
6298007
3864573
1652180
7832359
5561680
5238733
9033665
8786898
1543100
8158619
5028951
8892319
6459321
4473944
2893049
3863258
1054572
3655788
4658133
4546023
2504379
9955318
7828478
1650741
6846398
9071884
8060593
1530876
2288182
6604261
6623491
6573491
1106977
5381421
9751153
3953654
9265260
6437976
1243495
5279568
6616330
8798298
4001165
5081677
3722437
9060301
4442320
1923354
3730619
2769964
1062277
3533608
1152244
1947351
4009324
5960142
2150457
6219982
5814354
7496734
5955966
2263547
1338839
9089802
7935387
7435547
5803434
9877351
4624255
4500221
3865938
6076258
4164855
9661845
5997847
6637466
4247295
2181530
7833904
1750118
1830415
8553694
1640431
8983751
3580671
2070021
5918818
8083336
5309958
6122329
3034003
6345756
7209967
7924740
2115826
1688736
2834669
7689071
8288770
3466898
3648754
1729058
9859618
4179401
2460826
8250933
9752757
2642631
3555445
2652830
2410812
3231692
8733710
3548314
7798178
1694092
8397718
5853176
9555769
4371450
3539988
5244268
9073755
7175158
4856017
1475217
2185564
5154748
3970663
4104546
3309583
7226359
2776707
7183897
2033222
9451125
7430339
5062504
3769566
6279124
7133465
1432985
3060954
2048381
5396361
7205665
1873015
6644046
5947159
3575321
5000048
2129310
3177581
3720807
2747043
3257164
9603204
5555936
8862228
4528760
6863314
9776330
9435745
9068805
7720019
1364570
1435342
6708950
4357594
4265705
6641467
2676440
4973186
2538203
8217074
9136416
7437704
8497554
4664725
6680646
7540564
3733079
1572128
5219202
7445409
1447994
1264747
9039541
2191105
9948515
2232363
4408618
5921740
8632218
1163649
4775157
4465154
7225955
5728332
6326860
8870503
7554949
2192563
3297157
8036232
5593277
9391982
2687495
9519644
6771061
5829005
4058165
6762524
4270658
3745081
7995039
8690550
4688381
7527730
3841674
6102854
8191690
3696809
5884331
8673702
8665271
1610831
1077111
1658833
8933358
7353677
1169766
9491779
6761158
9174943
1550161
6088483
7510582
4871315
2453240
2498795
7433235
5022766
3673952
8164423
9579923
9461274
9367197
1837957
7540489
9369072
1623187
8319380
7268547
5966004
6066067
1230137
1698291
3435578
9573907
1524566
7409434
2830700
5661741
4091148
9479451
9499910
4251349
5564843
6112150
1024315
4442900
8815879
3259858
8828905
8599442
8339365
2036553
1745443
7505979
9704758
4930806
9551766
8522784
4026332
8914064
6529759
6860993
6360315
7924349
3613627
3503865
7485122
1484960
6687015
2482553
8198139
5740220
9007217
3321465
8933544
4976902
4764822
3686187
5261022
4554989
6687766
4243074
5542014
2464652
6933157
2368619
1994722
3155858
1526092
4776481
2216916
1242033
4491408
5425135
1416990
4598181
7887161
5515616
9703294
7207295
8300142
4336666
1157224
4799362
8769831
3854564
4637234
8126573
3313972
4242045
7516530
5526417
2807372
6493903
6605594
7904676
6672048
8635275
5227255
5039143
7913473
4570606
1544598
2419668
1426424
4480747
3637249
3041868
2858349
5665801
1842665
1609991
3820362
6720168
9199516
1353972
9946937
8587712
6387193
5265555
9672268
2188738
7149578
5678904
3020268
6573458
6792513
4611666
4156883
1852268
2348942
3541660
8487086
8961494
3474633
7758539
8295574
3699478
2383587
9709153
2358807
9649677
5068074
3171112
3249859
3848146
8444301
6089418
3466935
8433819
9095421
5849592
2457046
2629065
2543749
3347481
9853677
5652883
3640043
5058549
1119959
3978614
2116704
3918378
4255787
1179098
3439532
1554565
7066995
3617672
8366678
5121052
8147366
7804273
1519387
4821451
3825112
7801546
4829205
5368573
1881904
4406574
3714942
7783781
8524475
2694452
3738501
5236381
9299504
3232634
4652177
5628142
6378940
9605793
1179939
6793767
5618647
2561610
2605601
1552787
9019654
5722368
5419297
2093318
8609306
5872400
1834259
4470311
4405666
7076310
7713563
4078508
7206909
5700745
8627804
1651105
5809787
6765481
6126233
4114874
3438940
9298407
4605929
8994843
9293553
7741908
1842385
1623574
9672490
9388606
8879631
9248364
2745584
9294000
6494932
4115974
2895660
4238945
7158834
6479725
1085736
4031775
9272814
7706335
6851997
3145876
1795080
8557437
1559349
2788737
4988449
1813971
2886554
7171281
1241876
7971942
1999662
1026761
8456953
5927740
3673053
5811902
9434742
2049576
4382416
9405462
6429407
1432476
8247604
1463643
9370584
6423235
9344531
7516436
2107808
5573135
8686129
9983590
7072400
5515696
7568826
7193659
5419365
7300109
5883434
7345577
2578315
4128079
6482892
4516846
6029195
4826483
5341288
4389625
5416006
5580591
3144383
6151811
4418490
2895321
1903601
6977703
2550933
3095812
3671626
1866791
7633336
6598955
5512016
8325057
4892350
9528994
3938713
7206921
5172997
8607074
5596347
3189463
9832868
2481549
3500771
6131588
8457070
1039218
8787898
9324752
3704359
6216394
5024781
3116799
7468053
1717971
5496492
8085949
3586633
8734541
8331734
9512422
3922758
8302651
7521051
7227755
2119608
3042027
7318875
1074585
4886609
9832777
8123045
5248883
3489649
2493696
6894890
1512570
8685180
4583401
9588500
7223267
9219921
8014392
5326737
1677338
7315912
2181165
2585637
8572981
3335692
6029096
3970559
2608683
5862146
5732743
4137610
4616709
7655576
1490612
5435471
6069948
5017569
4668242
3790961
7473861
9007792
2613288
3280138
6089074
9849764
6378225
2712693
2334466
5543908
9245578
9433980
5768035
5440755
9397604
7964611
6789710
5620142
5188804
6708476
5329780
2534212
9841560
2175748
6526487
7606213
8215148
7795798
9950162
9677118
2414622
6014279
1687964
9881995
7504213
2354307
8319306
6899238
8335849
7823294
1545725
7303488
6630062
1971837
6278660
4050911
2077962
8511670
2031362
2306807
5562345
1283157
5411153
3297772
2108629
1148042
1236504
2347734
4849227
6444216
1575611
1331438
2195644
3979630
2356538
3040673
4743408
3587484
5683636
3445890
9807169
8049566
5688963
2392158
9104310
2714701
1192443
9634650
5999486
9875287
6468703
8687231
7487983
3437108
8078404
3704354
9150983
6728979
9594186
9455613
4402490
7047380
9751374
5562586
1974236
9492559
9119773
7451802
3657769
2301589
4147662
7678649
9137354
5142758
6931878
9140436
4356210
2143795
1212009
7334581
5304552
6096918
3675814
9334055
1516407
7764662
5114291
1890822
8879157
2051496
7624267
4081649
9168232
3508082
3846389
9306795
1773831
1058130
2256406
2050382
5559006
3822143
3777840
9910153
6806075
9317030
6386012
7378331
4218696
6354176
1604446
7184257
4435881
9374930
9404087
6084869
2185889
6630294
2023040
4343752
3806423
3413280
6991332
6273594
1587101
9811948
2252590
5388167
5984595
5878854
8455716
8510669
5905185
5559498
1355860
7110843
1894436
8951293
5805454
9978412
2041130
8986036
5351233
8800100
4197624
5373212
9743689
5979595
2942819
2484234
7869033
8975824
3812789
4270236
3765205
4888528
7852866
5251895
4618306
9751448
4832203
8310459
8508529
8774175
2902793
8231605
5923336
7061407
6776349
1884676
7812299
6477965
7090688
6993094
9300548
1916712
3233438
3916331
6492870
9330407
5217711
5013850
1508350
1979359
9304000
7309179
9427325
2748555
4602414
4670982
2382561
6691556
3605060
2642586
4919515
8754508
5743367
8336713
5616278
9204102
6428159
3348986
4440029
7986376
7380200
8101670
8717029
8390332
7013481
4524072
1323188
1649507
8429196
7059343
9517465
3738619
8059303
5843910
3329142
8416499
7695985
2218095
5241306
8625053
9190080
4860163
1296355
4098460
7763866
7448205
9522924
1329126
2659017
3270016
8663362
3817748
9840852
9119454
7729941
5198071
2073419
7877667
5548212
4720581
3904259
5700745
5030081
4988974
6684450
6648213
7000182
3185744
7200476
3592650
3915423
2088138
5308374
4874261
4655041
1959151
7819834
5689530
8056907
7582553
1645740
5740005
1795100
7251976
4686947
9631659
3952012
7202451
6086116
2351331
4887126
5832415
1722538
1329151
5208061
7050966
3388162
2428319
1070518
8393467
3639598
2032200
7917718
3736419
1046863
1990705
9420645
8992725
2214935
4489431
1356786
8994397
2625719
2076178
7322353
5838982
4509910
9837640
1490897
2852167
3484706
6482496
8469890
2241744
6181491
7650026
1468662
5899549
2675662
2278141
5885766
5807098
2748951
6394897
9781928
9577144
5253129
3742767
3424551
9589815
4701490
3825325
7117587
4718012
7136778
9455671
9142777
1637941
7421284
7409811
7543646
8483555
9370063
7501739
5292007
9473864
9718230
5911897
3016604
7095010
9184910
1528342
1891390
8235326
1710023
3005420
2301485
3508736
5217335
6827165
2601382
5111611
8479634
8984388
8059956
3489461
2617013
1053907
5021574
2669589
1983197
2402956
8263305
7784823
8145562
2337692
5765294
4490863
2832450
7207893
9086303
6855884
1619371
8664035
1946093
5686632
2462655
8042586
4524445
2544957
6449070
4100606
1832379
8189794
4502391
1800163
5391542
1467375
3805721
3437686
3673022
9232150
8435201
1345620
2130779
1562587
6504548
1310898
6241880
4059549
4160271
9644973
4629334
4978509
3750243
1335780
3545964
3207750
6852038
4993042
1825631
2286511
9133200
3883240
8870326
6423373
7399674
4183795
7647385
2629636
8268773
1337330
2377179
4053408
4000665
9918019
6880204
4745407
2048868
3436350
7638435
4917058
5329861
5636930
6460203
1384932
6710697
2653352
5360564
8278978
1711021
6890501
4302492
6989276
3751788
7654436
1641551
4686074
4020210
7054955
8852917
2838691
7941937
2479836
3660179
7669099
5887612
6505896
6505876
9149411
5440874
1427792
9590711
9534246
5177045
6144388
7349572
7113305
1470938
7122511
7934067
4420098
4319498
4541506
5610637
1261469
8148706
7054009
7947694
2817651
9197384
2717988
7054338
9078164
8824790
6448423
5388471
3582823
4983650
2641364
3022250
6943671
3409887
3154878
4832238
7121529
4224998
5744802
2623338
7862492
2060144
7941466
2221657
1888688
1710327
4369970
9429904
4294482
8935027
6955760
3227170
7160183
4673698
4948997
9094935
3685087
7750107
1524057
1064742
5267900
1625276
2568366
3005016
2878436
9283265
4651019
9043854
4155115
9743552
4483996
8098021
7374693
7344226
8775105
1580136
4906579
1825644
2808101
8158293
5473115
7157558
5621168
7864013
4028470
6713010
4602455
4298997
2884132
9151704
2219850
8136834
3233443
3669337
7676143
5520484
7130288
7221035
4948301
8777712
3318933
9686356
9795860
3918604
2818284
8091833
7912067
1243542
8971395
4827007
9600242
6527966
4461809
7393379
4243466
8348493
4772103
2725527
6384433
4788204
2250379
5291598
6668667
1156825
5194050
9114338
4598838
7421199
2692524
5752026
2166565
8225276
2329701
3988176
5582343
4947001
1945513
6061883
9336441
2850997
1545015
3625330
5802266
7288545
4882410
4281539
2943565
8342963
5944700
9404882
2239301
4242164
5480781
7496076
8936588
7620340
1365418
2712597
7278124
1590560
1979009
2931040
5425562
6755018
7108700
4802207
5365768
8609282
3163340
1149498
9495762
2986931
8599881
6814877
8782180
6679047
8641872
8597588
4071826
3382854
8600132
7590754
8189792
6830949
7388696
7697626
3551372
3129619
1466428
5665092
1508040
5393737
8455854
5951612
3004797
9607026
1080931
9191918
7440517
7816984
9928294
6851838
9229551
1801088
2602152
3432798
3683057
8733952
4297625
3182817
1068361
1180376
6301599
9876479
6106244
4206022
6913429
7188777
3201763
6457142
1954054
5618614
2319460
8528520
2777738
5067782
2345453
3661163
1172952
8972743
9183110
5040267
4889613
8961030
5073008
7160990
3996548
1503367
8730032
7274132
6298671
1708247
6142729
4320047
5574253
9534514
5336521
2892776
9340853
5329256
9502955
2021004
3788762
3974148
9592317
2410631
5648287
6368095
4350699
6509607
1816581
4945929
5513060
6778522
2509410
9869938
3724084
3567236
7724046
1500672
6460378
8614691
4677185
1678176
7124170
3562164
8220806
8587897
1837622
3591836
7615550
7009831
4766353
2646543
5128807
1042725
8519149
6783484
2428995
4774062
8316382
4311308
6645657
8053077
8127319
5244303
7908438
7335162
1342411
7863737
4466412
6879991
3183430
8626124
7585286
3965099
7312678
5306639
6238995
5972094
1115380
3567447
3497978
6556238
8232352
9258941
5175932
6121801
8068092
2878192
3598768
9340699
8235103
8403067
4794579
2992674
5570598
4983088
8791088
3416575
2479070
1134646
4407671
6543422
8291822
2668857
1830664
3736553
9392923
4825392
4436578
5376617
7216691
4644556
8634767
4825414
9533022
5267927
3095443
5489649
2519114
9953026
6221149
4114991
5794910
4065227
7207701
5443096
5391978
1564286
4749463
9767016
9382661
4038267
3698639
1077716
9722319
8894240
2269718
3760504
7749329
7333655
7054340
5936169
8500050
5598802
8795887
1737870
8533651
6647541
8795435
1570427
4464245
1287420
1017626
4586961
2843530
3914910
9956702
8230303
2761138
9273001
7958237
1109829
8765695
9173375
1532389
2816442
4955291
9478857
1180720
5637963
9231465
2151971
4605554
4236502
4873785
9533984
1634016
3347551
1720744
5088366
5216188
6078186
6806120
8953268
1826255
6233833
7924444
2508314
8458286
9464912
3855287
6496497
6787793
7298094
8194133
7781364
7299015
4545822
4549866
5854382
2198350
9334671
9309418
2776197
1568586
6075256
3781057
3041831
3394708
5008903
3582253
6612532
5968614
8402323
3226201
3277395
2305804
1210104
4974811
1745184
7560645
7402586
1160536
6567733
8115850
9485628
2238455
2205632
7897639
8264435
6609075
3012254
2072160
4115342
5689725
7342965
1927758
5469728
8290858
1274767
4200922
1440880
1230881
3189245
9466345
8849824
5484320
8380017
5765913
2426236
9161544
8999344
9615763
5051181
3477294
6920831
7550842
4423518
9857284
2269660
3190403
3652974
3015783
9434304
3908646
1846727
5697370
4395755
4939948
9651797
8934315
2872144
5766490
2194170
9473245
2426258
8095501
8776864
3652071
5870582
9871398
6700200
2045698
6752626
1246416
5636370
6918569
2938837
1212304
4695053
8707996
2364472
2848245
3909025
8494382
2159525
4929408
6220242
8126552
7349055
6059294
1069695
8866549
1268473
9227188
5887195
3047712
6339635
7973066
2690899
6809715
8683929
6942180
4374697
1649850
3354709
6277868
5525480
1371200
1565264
6182180
3718024
9835184
3596404
6209355
5148755
2320935
8947605
9247455
6768880
2464920
9798200
8015490
2618543
8013352
5684964
3536896
7966885
3616563
4048216
2727208
8077810
4653047
1708828
1114353
4392937
9623024
1639051
6804943
7909191
8572627
9537784
5587590
9740495
6290888
9172336
2417951
1697220
6539266
1118928
1327737
4383832
8591873
5973072
1504954
8875348
6617810
2066519
8764670
2015136
2540830
8385920
6714423
9105596
2654456
5159509
6179422
5068863
4077459
7238186
8892722
1821768
5264588
6310996
7444758
3376498
9744595
6476227
3814272
9867829
8280568
3016805
8752543
3260026
5083724
5513557
9957661
2704934
1460846
7916667
4407206
2148114
9338760
6518980
3264464
8463841
9829705
6278365
1746764
2775156
9588308
7263195
7876539
5348898
7272184
7436894
8424852
9538802
2797010
5764582
6482582
8419109
1751633
6009942
5459106
7957127
6443537
6932392
6846611
4112782
3407746
2532936
1777840
7075725
8228513
4559404
8512105
3751250
9738848
7023947
2846929
6956998
9355242
9162934
3828524
6490853
5500122
3419236
2015145
3739678
9281820
9469913
9308937
4561476
7400548
1721273
2270528
1330606
5872054
9149392
1843292
9091722
4866327
4696245
8539317
4876608
5816002
1492048
8026148
9784182
1557773
5220273
8095575
9184311
6276614
9326874
2021595
7233025
3092400
9323639
3825083
4091903
3884394
6661116
3077113
9484699
7291538
4800359
8131555
1604831
2730238
3260615
5357752
5850477
4021076
9218676
7012787
8928140
9711355
8477008
3879415
4363581
2701737
2108517
1998068
2566983
2173759
4790729
8766394
2239927
9808154
7468415
2119755
1769451
9293084
7053327
9147214
7828665
5495122
8454760
7337105
6835978
8305263
7233731
6835063
3813348
8904474
8697771
2636275
4743200
7145147
9547764
8414988
8967512
2435828
4790017
5642882
7340940
6336462
1455057
3111655
7156422
6415281
5734572
6512658
3318572
6821689
9765761
1313368
2450846
8165421
4611891
3537740
1910960
4812290
2908653
9158553
6083529
7322904
1524003
1436982
1592636
4277635
8140267
1175273
3597926
7032197
8860107
4539128
1810080
8675954
8170963
1073068
3849799
3531349
1490277
8436926
3810786
6012993
6558716
3172423
6654907
7765387
9528634
9802427
9782656
1933158
6606677
9244574
1749331
3396047
6045772
5323978
8651336
7965826
4338854
7211632
6628359
2377829
7397212
3249861
4113035
8566684
3119327
7171648
1862625
7546453
5894395
9284337
5220043
8034693
7830494
1222555
9959790
8303339
8411563
4020238
2306451
5738924
2213571
8984503
5882187
6326950
2699870
6329281
4394621
9759945
5395333
7609752
4957468
5601843
9577755
9757243
8985939
4083084
4430645
1197130
7258660
6165290
7596718
4727841
8820569
2518237
4927480
3302197
8638634
2331357
9334415
4200189
6331464
5228859
3794719
7767738
2699343
6320726
1182088
5607474
9658618
5372896
9673664
4121577
2928331
7679120
1528554
4631609
8225666
1920033
9640420
8144348
1014480
8636923
7802966
9861496
3715092
6026288
4528601
6684035
9106156
1712195
6551854
9237704
1609087
5867684
4589048
6723240
5472009
1666087
2678076
1892388
9350888
6444566
6474279
7539539
8100311
5130444
8474887
6325935
3234056
6239092
1387702
3739085
4553086
6054177
8514019
1135301
4609538
5276191
4488867
6145551
5764662
3855130
9184472
3379543
8723912
2279871
3175495
8715922
4080673
9195808
7699944
8576425
3204262
4542524
5208689
3160398
6482957
7787894
9591659
7881605
4011755
6894340
3256385
5750685
6820525
7988547
8450221
8579128
6805645
8453274
2073060
1964247
6764647
1016581
2768788
7762946
3785036
3247803
9838613
4111254
6691477
6589266
5478501
2404160
8556308
9932089
4994719
6711170
8529407
9258918
9616006
2994107
2621077
2902538
9936142
8913516
7902269
3159826
9124307
2420025
8672348
7901312
3954277
8389653
1169423
8459721
5470787
5875721
2581826
6252848
5740495
4016270
8387455
8766668
9805714
6471345
1343866
3804262
5520505
6497127
5450916
7231493
8075224
6480641
6959141
8206125
8057188
9701202
8408607
7525870
3607478
4159375
4409552
8891297
7907926
1941551
6259423
7528633
3412078
5557620
5652850
8239824
1448480
2269720
3997223
1495591
2729481
2297836
3029441
2743026
6185727
8485101
4132092
4474267
3217536
6972512
3290268
8680062
1125357
4553159
8625018
1358670
2923094
6726044
8817200
5857438
8651191
6339751
6299198
2111459
9273498
4537803
7913949
2773296
4633055
3214150
1804747
7319138
3091392
4682897
9981880
4565814
9263377
6683644
1448432
7226879
2619863
2757430
7406280
1890221
5515951
8718060
4291262
5012514
7960211
6168231
7528204
8693391
9548872
3111388
4233189
9639943
6221050
1661303
3873930
3121979
4681947
2699127
3765421
8632782
6985433
8619736
6864927
7245273
5433222
9067868
9181319
4880642
3343518
9012284
1770740
8565225
5083124
6642367
4891524
1381292
1790277
9350081
5005748
1224795
5061776
4986549
7524186
4857358
7984125
5131558
1111641
6010102
7847197
2773243
2595221
1064594
4532818
4915129
9941903
7921732
4015112
4886910
9405185
9068396
5246275
5727835
4607477
9361610
9484338
6743801
7595339
6139721
7813739
4558072
9312449
2434203
7599256
8658116
7013567
8357648
8778346
1035417
2801595
8791580
4027693
7755114
8684705
1632712
7877155
6035332
7309790
7423039
7202973
2587160
4565655
4734579
1673838
8784713
5740293
3630434
2856601
4245875
7787363
9804124
7453134
9667165
1346962
1235454
2976512
2866760
4828900
5203284
2379266
1811601
3183879
7049539
2757795
3470612
9176627
1824101
2955982
8793937
1663151
4280953
8664974
4890804
6631936
8670234
5063073
5951264
1130955
6420662
1438235
1802587
4066373
7673883
7622766
7666656
4299447
8234765
9113520
5311177
7007567
8074339
3819061
2253236
8098245
2760323
3749246
8709169
9360786
8512099
1189298
1127481
8228439
8180219
6874898
4252280
3787588
8907463
1807306
2578934
2496039
4402017
2110567
6344267
3481727
6353982
9024795
2437018
7266497
8969640
8106800
1435087
3577306
5964485
7154675
9041628
9986253
5596726
3355567
3768473
4812407
6040570
6565262
1325370
1668456
4739796
6016307
4632822
4128828
5094739
5859723
7907581
1695786
5481361
6696308
4535729
7064212
2534006
6923613
6211361
8872743
2902494
2460951
2717698
4008276
1103688
1465140
5741952
8350432
5925289
6335823
7679468
1251761
4903513
4322427
8561654
3870897
1501325
9915303
6190684
4735687
4888829
3194042
9530468
9183243
3953846
6125411
7773047
2294425
6910835
3536771
6340207
1108321
1426959
7317886
1302779
5989686
9340055
7854487
5971791
2295277
4738470
1553156
3211890
2918080
5302761
7724113
5597555
8395035
8705429
8265072
3895612
7672621
2023102
2276071
9693730
2943658
2346305
5499676
4964620
5099624
7258716
6405751
9529946
8799800
2093653
7926294
6372352
2423935
3299984
4682373
4306371
6756325
7028941
8817718
4635731
9964108
1053210
3059728
6617939
8098573
9520949
7940340
6378141
3450902
2547293
2129084
1462449
2327552
2812018
7563910
9747800
7392416
2434962
8564959
5601148
9601323
9918869
2016404
4617234
4431239
5683244
6102455
4371323
6502543
6179358
8807279
8728544
3526550
7516123
5871911
3619308
4668255
9506173
9450379
6847367
2261459
2518435
8033816
6556808
5057412
8198480
4701771
5499802
9301993
6534020
6603732
5036019
6001930
4311658
2650067
6693498
6580166
6974898
2824474
9909151
1133707
1503592
3148613
3232135
1188925
6363292
7032463
6493576
1392489
6455604
8949543
8174874
8282571
1606159
1060626
3512399
2378230
1049404
1706457
8867028
1865740
7269099
4372869
9898409
9320470
1678977
8067138
9990238
2887477
6962915
6746177
7088303
2848025
3240195
4798810
3397801
5285873
4041414
7366648
1246526
4391796
7319962
9228958
3272502
9673871
6260930
1306571
5057990
6909735
9069485
2008713
3931205
8645320
7129542
8741796
5372341
1709294
7748773
5149016
2406343
1119211
5752022
7859235
7124099
6911746
3325704
4895036
4207399
2297923
6311713
1025586
7239886
8616055
7977184
5022834
7788651
4273646
3704812
2355403
5735221
9095389
3426100
2217827
2580317
4881357
4912526
5840399
5994943
3457186
7785972
3183182
2341190
3957601
2992316
4410943
6890267
6724085
7856103
3981003
4380807
9226954
1549316
4649165
8719488
2620258
2238118
3941921
8107745
6139768
8778932
5583802
1442372
3219699
9912072
4275935
2900372
4028756
5963059
2356495
7954287
4611203
8676414
4329660
9929482
5601694
2410492
2905598
6377639
8676762
6391591
7242969
8910931
7981966
1067344
4439129
4518339
5019294
2070899
5696516
6348928
2310229
6098019
5159607
6267668
8159830
7783978
7608181
7485635
3990076
6706212
5697060
8030317
4124671
7239460
2154554
8276874
1394658
5509311
1407352
8162528
1370698
5651353
5501733
1757930
2997080
9865589
6081453
1893858
3796858
4905576
8711226
9135208
6739142
1287400
5505355
3577667
5091992
2222842
3975788
9431696
3424765
4572193
1367534
2885617
4707352
3984382
9172743
1758120
1433317
3106365
8700125
1475580
3627388
9747484
5989174
9615988
7616767
3879905
1056274
3146562
1232614
8103645
9050973
4828009
3898506
3354700
8071511
6396642
2329896
8110367
1311525
4801868
6666088
4611972
7822749
6768947
2745814
1352667
9230421
3485923
8029080
4330381
3896924
5902852
9178992
5025065
4116717
1686080
2398387
9196679
3869888
8008916
8206195
6415121
4881987
7524388
5170905
5083910
8327697
3637202
3246223
2719009
3194472
8931255
8731732
1877186
2846000
7349707
3150056
8711788
8353554
1307083
6175474
8851847
4595759
2379577
6045943
5755159
1857330
6673208
2120421
2377733
1278055
7788256
7967272
6059932
6316277
9822583
8924580
9266087
8539001
1795897
9053387
5785674
9607021
9125218
9924969
5507006
3711976
7118169
3201350
7125665
5203495
5039888
6614147
2421157
2421260
7497857
5388408
3602279
8436829
6017859
9309700
9598116
2837695
9688326
5291717
8945456
6107163
5826164
4743586
4079423
5457673
1254921
4787078
1435711
3406340
6424675
9692192
2413198
8481597
4451550
1475472
3281200
9621068
1538114
6003636
5802228
5790060
5663438
4664827
1694617
2413269
4357849
3639408
3811547
6121655
6259511
7856443
1610354
8879813
3841185
3659635
8937869
3627119
4751104
5091184
1263691
7391444
2907804
2236912
9355362
8476407
6843168
6915935
6869444
3319177
5627633
1750828
1368119
4143647
5944007
3161840
8319116
3988324
3141946
3531153
7279811
4730481
3173369
5105792
1054668
2430634
1442264
9922792
1338513
6384981
2909920
9435863
6787164
2466358
6086036
6435761
9100467
1808646
1142288
8298450
1967499
2650573
8634037
6942195
4736180
7174972
9985587
4534592
7693401
1305672
1017782
3859592
4812987
1751107
3223565
2380151
3972422
3201884
4709271
4994008
8088277
1784289
9168016
9123781
5920594
1711186
6746594
9386723
1265009
4614017
1084511
9231769
7584846
8372249
5855710
3420633
9138131
9604917
6860916
3504730
7495847
7380074
3138942
9711036
6296524
9602470
4320708
4322869
5453392
9041361
2691336
6787587
6308910
3979003
3161143
9292802
7574966
7079576
7405728
6937439
3475619
8516618
8758915
4155381
4656716
4422277
1091060
2167855
2046525
8946288
3457833
8854407
5030743
1637065
1391032
1623918
1396237
8418361
4728508
1170036
9282265
1668410
3171378
8198417
1125999
7840781
9335767
8678828
1748944
4464256
6090709
1847364
2199994
5236471
7138150
2110509
1582557
8841809
7877520
7224996
9548210
7734590
3782586
2505974
9835360
4141799
3936757
9113021
9856471
6431038
4600623
4997779
1169481
6980455
8973341
8035579
5517958
3033438
8026687
2080965
3212871
5099498
1558065
3093842
5456661
3676065
3019807
9199113
5156267
4844773
8789544
8238009
8507401
5994719
1733831
7441823
6603187
7594898
3134238
1152249
1964170
4057683
4207812
7706890
1522393
2743927
9585193
4393200
3002035
3246253
9922879
8667589
8356379
4697581
2307347
3634874
6037517
4606280
4846117
6894890
4864956
1286641
9068845
5146733
6101683
6308803
6557864
9477546
1193159
4110372
4848225
1922626
3783877
5040177
9173011
2802738
2911105
9671876
3072925
8744065
5413079
7421131
7832727
9902042
3501246
7768170
4336437
4647507
3813985
7976459
8725722
5965039
4123184
1433964
9993928
2563128
2280167
2518825
1391157
3493240
8156197
3207235
2214656
1056297
1994505
7916024
2474563
3853122
3598400
6811356
2929788
6850309
7358770
3063976
3683255
7386942
2199462
5306937
8846399
4219446
6969394
5068339
6039133
6777032
9509728
7188607
5580551
2322506
3845566
4255538
2721518
4507272
1739669
1815816
3569561
4401525
1517957
4174728
8975918
7794346
4009815
4923736
7925819
4612420
5293387
7396316
3292127
9246104
5394539
6405098
1612391
2959281
2233600
8185121
1597270
1069005
6061116
3327210
1350804
7935068
1371191
7638782
3389699
3828978
2351622
6964986
7752926
4021926
7888578
5396416
8427235
9857987
5494565
2103464
3563083
3457310
3682507
7740374
4057648
3979153
8421366
4571948
8306062
9387422
6877594
9887163
4558229
6103671
5981251
9106725
3022958
9201133
8748955
2349165
4123860
5371663
4328857
4632699
2875062
4198005
6883471
4655682
8399010
9643820
3870315
1391764
3083900
6719940
3836073
2368303
4269064
2681376
1386118
6482329
9176620
3542933
5253896
9526753
2970978
6047173
8395325
9813183
3356380
1297837
4942834
5323919
3770034
4877670
8934621
5898217
2019536
2658849
6893645
3048276
3882683
6584661
5576480
2467939
8461382
9486925
8844862
9342720
5333728
9511101
3247885
5924391
5903225
9608228
7488396
3941645
9465893
5598696
1128212
8752394
8081696
2150509
9162867
6520972
1530659
8693311
3896147
6553813
7231942
3345202
4320099
4693647
2452567
8175759
7054157
5883070
4946898
2527001
4106481
1056095
6243401
5462160
6197736
9856599
3438134
2755845
1023347
1534445
7796222
4052622
9164997
7027476
2660017
9905060
2000231
4692411
9491584
1225403
7568811
8959607
5367895
5188161
8642275
1504403
9269612
8513401
4366658
2135317
2985374
5826489
5334371
3852900
2646481
7125818
5283193
4878425
1701089
1900439
5378768
6193531
5370390
9304842
6183219
4454094
7829783
9921986
9288397
9311789
4326530
6481961
1532276
9955495
1948035
8027940
8652370
4880616
1454483
1294611
9041278
5591616
2066459
3350364
6784571
6868769
6542314
3925146
2091992
8998724
9653860
2878019
6849345
4132901
2180995
1850513
6024396
8721760
9524154
5471440
8705206
7946818
8362392
9302041
8997118
8717452
2300258
4685110
4918954
9780981
5638644
4277382
6231994
5259751
9110362
4980954
5023187
1799492
6052578
3117184
8523317
6864594
6453005
8735480
9044294
6288484
3336206
1716997
1225496
7924225
4722618
8347693
7709793
5651906
9511705
2128203
8170898
5597232
7186020
9970356
5319427
2422427
8414040
8822209
7856997
7787514
8844546
7883940
7165688
6828559
7415131
9558941
4253102
8996441
9765342
1503838
2650664
6157439
1304904
1828925
5248936
6800859
9598151
8252601
7834431
7971853
8574879
6694440
4885392
1355433
2171265
2140256
5817788
4045042
3420485
8354860
3924696
1768776
5196266
4604657
2400076
2165616
4455004
4400696
2575198
8626754
9222477
3895693
6597871
1724784
3972375
2410897
4486116
1491036
8833753
9410445
6161919
7546922
4701033
8873015
1668287
4623664
2025729
4128737
5146102
1681842
1954437
7665535
4442482
9664722
6599804
4206257
6929023
2041543
2420332
9930465
6481435
8090565
3263508
4375302
7427162
4763765
6274245
1287018
3491883
4783981
7609449
9959552
4546194
4737538
6703854
7832465
1977560
8442381
6251405
7625847
6123265
6082539
3663990
8610243
1811428
7581080
4988927
3202548
2567192
5248078
6143429
5500769
9661861
3365450
7992322
2854504
5229618
8843791
9804080
3346895
6278302
6866926
2616821
8480674
6692024
2694589
2433512
3108525
7962330
9258279
9393843
2997755
6340004
6328468
6548650
9646191
1359822
8261122
7499963
3784691
7140152
2298188
1575246
1296327
3194742
4601064
3322367
2156028
5635382
2021198
4506858
4844872
5793884
8574951
4974406
9848147
9081704
7827355
2173742
8301435
3936702
6160440
7660084
5364980
6468951
4523735
6032864
9292324
9646399
6394432
1308263
7895965
2550303
6495000
9021375
6099131
1391251
9591840
7595811
8627720
4588199
8912018
2978426
3101029
5370894
1377143
4377837
6309428
8271203
9102044
5554992
3842939
5138764
2645950
9835961
1759931
9957963
8491530
2819879
3437856
7320415
4771673
5560901
4928771
9478572
9703107
3440816
2760678
7189855
8768523
5198614
4056782
3809412
6619210
7638272
8036415
5042507
9157440
4955232
8863860
9367248
3745327
9329582
4763518
6506283
6079442
8134560
2198366
7101336
5152814
2574193
1033741
6796272
6591518
9902812
4490859
2452791
3507957
6144209
2956199
6756159
8970934
9480528
6686302
1867430
7808896
6021059
7634886
3305116
1969320
7340737
6959140
4017472
6235038
4600472
6698387
4902011
6008396
2046995
1680167
3205125
8378635
8008405
6095899
3115351
9464719
9719117
6870640
9240090
2049998
2261371
3506894
6652758
4679908
5067793
3971718
6104029
3862122
4088093
5246960
2046865
2205040
3666750
5797082
6181267
7844167
9594799
2572498
6351382
6382299
8794704
3350102
2653523
7601808
4489987
6776520
1781023
7405108
5898262
8339335
1994194
6962069
2880220
3520467
9132226
1782892
8782441
7815056
3176280
6493401
1078317
5289967
7851809
3969472
2807001
3952856
5362928
4099939
9420569
3684076
8805809
7027257
7338313
7407289
6141786
6046775
1737123
8291534
2690566
5534757
5527720
9386058
7873666
1439475
7136621
4942895
7613587
2806573
9953296
5875300
8053623
6668637
5191083
5779434
8462756
8237959
8139705
5057518
4146047
5322434
7776199
7391312
7448927
7406844
9143541
8660434
2140000
4191438
7825565
4688837
9970012
1683121
4502451
9715808
3582895
8926145
7054542
3550585
3975778
7689720
5413438
5487944
8245796
1613197
8675152
5027161
9320196
2857463
9004566
7887242
1891817
9624499
9781746
9424134
8087814
4159253
1408828
4972665
7972856
8006326
1712313
8081595
2372610
7020130
3152208
1477937
7905876
5665236
4544896
4485754
2258791
8238181
2497436
3666910
7578668
5343843
6667386
9249149
8793598
6621486
1252152
4203558
7806262
6069072
2835208
6573975
5228766
6566220
3301942
8352692
7195104
6017199
9247168
1716946
2346520
2425094
8076765
3272150
3938431
3614071
8568697
2725816
5662993
6205580
6742952
9717005
7418178
1667029
2190594
2422437
6177117
4193077
1234447
4980882
6338005
4586087
5299154
8694770
1069528
3546025
6030139
6792349
9754097
7546976
4324640
5905529
7570653
4114566
5610691
4685038
8785216
7831897
9046907
5542925
7619737
4214621
8722372
5087086
9214092
2343676
2853224
5426034
1463887
3645828
9271299
6643444
8553735
4053873
9348865
4780423
5203596
4197259
3772931
4499355
4832554
9400275
5802114
1257257
5813137
6248945
5595043
5748313
4165952
2090657
8712588
4576273
1184126
2529015
1983870
4977432
5189242
2996560
3150365
7204450
2805028
6689178
8954044
6600902
7521739
5679222
6510492
2119110
4686609
1951060
7670158
4897015
7695956
1178638
1814151
9284705
5610550
1089409
5838436
3476272
6576727
4961920
7656214
4298250
3878177
4822556
3804648
4267443
6881365
5202224
6931743
5229167
1513805
8446809
9843274
9706264
1164138
7392549
1970594
7598208
3501495
9718874
9909148
8092520
9917454
2970234
1922645
3793793
1355146
2614212
6419973
5566865
5288460
7803023
2621200
9012754
5381890
1173882
3738161
4052567
1904957
4865302
2700264
6413169
1132770
3442783
9002373
5497656
9408884
2913504
5263373
4938132
3026560
3747462
9872253
4169182
4620961
1959999
5037974
8424338
9670701
7904156
4387784
2930631
2422904
8696155
7704066
3855417
8837712
7534873
3768424
6180213
7883881
8378424
3775934
9427710
8830386
1311637
3464517
6263024
9029528
8520893
8045204
2458731
3635393
2462896
3215081
1203897
7234524
6513493
2655616
3187962
3109904
6677583
2293324
6463759
6409874
4816975
1120971
3563605
8014307
5033723
5686175
6412836
3522602
6155383
3366475
7311480
6006334
2627523
8300602
7737271
2581918
1982453
7324567
1543428
8561269
7927255
7330337
8176754
4968024
2096203
1465925
2383491
7846426
8063149
4425768
6741027
7923555
8059297
2669253
8703728
2911556
1439239
3253245
5724549
5605647
9638899
8801941
8402975
8454509
7840601
5782853
5642350
7926808
9092848
4765118
5945543
9500906
8615469
6578139
4056120
8877637
6428082
3201963
7687789
3057156
1133056
1807318
8325098
6250963
9345403
1576887
4676626
5922787
6158700
2196418
9075815
8923145
7825084
5526566
7940889
4428792
1340646
4687748
2608331
6010475
5665437
7079921
9711740
7843240
1868008
2590240
4796019
2563674
9717475
1490900
8065151
4544662
4526350
7736965
7991989
6224409
7154963
1647489
4945409
4133079
5008771
9283270
6642450
8350287
2206049
5111757
1692656
9809974
9089676
7294025
1251945
9015802
1308742
3171144
8489580
9376960
3976425
2966577
7492364
7400744
4963188
1073311
3389681
8569031
6364321
1707725
6194834
6219109
4454346
5813083
7343695
1329657
4211588
3482705
2512926
6068634
4292300
4475258
7795747
9709368
9526553
9619210
6172501
3510034
1119209
3528899
1529662
8577898
8329512
1347413
9295650
3845822
8495421
8584180
8292915
6326728
9334871
7489638
4375891
1155040
1238615
8119102
4533299
9453265
6097903
5034811
5294532
8038578
5619499
8659757
8680067
7399430
3195686
5647857
8883201
6070950
4521751
4990938
3676090
7623637
8497676
9036267
4502261
2898949
8055608
9238363
5310662
8933272
1604913
5585769
9190536
4034082
4824228
7967616
2012310
4379558
6704011
5378772
8276747
4300038
5746775
9590814
2684559
6081903
2048258
4401773
8415596
4817460
7658904
4053885
3309937
6618210
9686103
5145917
3856934
9639532
2020035
6372428
8738233
9903560
3910438
6235668
7741264
2398410
3485103
2412570
5340551
3905712
2178754
8763260
6961331
5205374
8795416
3780933
1902367
9649908
8909303
1873557
3480358
4717772
2466436
4030541
1169778
9290632
1514055
2754466
5390524
7155740
4487992
8209743
3545140
8747240
5700752
1415216
2583923
4569801
5054553
2094852
4212118
8528816
7070514
8099740
8534468
9883172
8605405
4397722
1567443
7392852
8314627
9256835
6472280
9515231
3673507
2888112
2371925
3135600
7700805
2680737
5511775
8383180
5038925
7325156
9458936
9835943
2294165
4374549
4250249
4481094
1385890
7774455
9085539
8672174
2340756
3876930
5466695
9772685
4576656
3194197
9743636
2830056
3135352
8317718
2301505
5499477
4263972
1715912
2321427
8504025
3676705
1011580
1380248
3036222
1355674
8184155
1342140
9765213
8420606
9327292
3495331
2310266
8592514
2331313
1086615
3153073
6588488
7246343
9374668
2625468
3596239
8042014
9557137
2107591
8188676
6256646
9559601
2805749
8476384
5184195
9027603
2982804
3746187
3265402
3141694
1904831
3372313
7835565
1356008
1530347
3678779
5226627
5517376
7850821
8809057
1533468
3872417
8786482
1054261
5399980
7857393
3506671
4114155
3701006
4738571
5598674
7161039
1777315
8055417
5577120
2112455
1622323
7562973
2545281
8086458
7540867
2849913
1555577
5747304
9213688
6565068
8354553
3844932
8528764
7965712
9132630
8734846
1733134
9698217
3245888
2154709
2265399
7964768
8023510
5832868
6052643
7077296
9073040
4614267
6089909
5044224
1270726
1227825
5941366
9366561
4097247
8048040
3595895
6545129
5407628
1463809
5606165
9025049
2085558
4103856
2424165
8470019
7803166
1550602
8170937
2653792
1664156
9176238
7740186
4726808
5095802
7479002
6790038
4503946
2994642
5588191
4135404
1768182
4189837
7901062
5942966
6710432
4773711
4392995
2463199
2716615
4114447
4528682
5959813
4463182
5034771
4741961
2378088
3881634
6520428
5697741
3436604
8193421
6876670
6048569
1758180
2624114
6187963
6807340
7804176
2239121
8754344
7689186
8828104
1144732
1878792
9471661
1776474
6931313
5335896
4518700
6446513
2603834
9950635
9437172
7031854
5368740
7675280
2223661
5055276
6957477
3787321
3711607
8780807
7069120
4873261
5410502
9689244
6586940
5308240
5593131
8028751
9110459
3673993
2471477
7886498
2846040
1265221
4831583
7251882
3964973
1237011
2698611
1282830
9125835
4193552
2480990
1238386
4131426
6174459
7190917
4622801
6979586
1116812
5312704
4265857
3865874
7575977
2702845
9941268
8291129
4079178
2403784
7824797
3236266
9998422
8588064
6695400
4994789
7982429
4367180
3224285
4578683
4864943
5149191
8515702
1883017
5739229
7968242
6349680
1441448
2860063
5384769
7519222
5907123
8098398
2316535
3843940
7302938
6829315
6613021
3120163
3564406
7831224
7527400
4367289
3408421
3675142
9178258
7679883
1620848
3044943
8253732
6973725
6373915
6296029
7189986
9119170
8996900
2958994
1005262
2483879
9585286
3757130
7191800
9618357
6684367
5870014
6259926
4354647
2628072
4180987
4397696
7644633
4748621
1043587
2347478
4258074
4411237
2038650
6175149
9229812
6042443
8012499
4459983
4133649
2316413
7541125
8315082
9112064
1265660
1832472
7184011
5648305
8684621
2816613
9706908
3600581
6166487
6649357
9237467
3455514
4227237
9332152
9255380
5592638
4404973
7202378
7969745
7912410
3700529
9888121
3229439
7009305
8727613
9222059
7671300
1685841
7903658
6998462
2664416
4478474
7938058
9123727
3887913
6973381
9689940
8687911
6129531
5576294
5731465
9193723
5370911
8225645
1777664
2685723
8260898
2085162
1235782
4341006
3520320
2633192
7724617
7185716
7627073
9419508
2657358
8090253
5907821
7271030
9536865
4300560
9010164
9935510
2782205
4669278
5523320
6937243
3385627
5640945
3531422
1467152
6433943
9038007
4266169
1097857
4561553
8799524
3427313
2745445
1466025
1572479
4456252
3846492
1370326
9352579
4297611
9291355
6729959
1040241
6670000
7346350
7372986
6472620
4307349
2477846
8942637
9855854
7524512
7140131
7156643
7948314
3698413
2624068
5776681
1802938
1094083
3317836
8457144
8929362
2875075
1631287
9769957
1551636
5184285
1094486
6519678
1439997
7039621
8802504
9590351
4879552
9024830
1254578
4478014
1464058
7378541
7528641
9081939
6608175
2579696
4070925
1985147
5739299
3517576
6671512
8017557
7643075
7508187
7096679
1409110
6029261
6366638
8836513
1263794
3478149
8674859
4273526
4186740
3724547
7365215
7792474
4800591
3425778
3753391
2996594
7211604
2460969
4454082
1086846
3312118
3402863
2934473
3800449
5385571
3909931
8284598
8968213
8323501
3803811
8493946
8919890
9963930
8673462
6603772
2962665
5284569
9400292
6917806
5399604
3220541
5880948
1123888
5603201
9673085
3268878
4201994
8619991
4302452
6270970
7177933
9585903
7194766
6555841
6559443
1289631
2771548
9441691
7703944
8380923
8615169
5064137
8986520
5932078
9260749
8438885
5393555
7808616
6153433
8606398
9697653
7377888
6301851
3275673
8337841
6853252
2734899
5617876
4736880
6827231
7005759
6396589
9290062
6960811
3040595
1396859
3516598
5850807
3856749
6089043
2118622
5738419
6029263
1987110
1017693
2166561
5974749
1756433
2490379
3446727
7870426
9232406
4750625
5694651
1940941
9973641
5439890
9893381
8426145
7688862
1750218
4213420
9480692
6271337
6249981
9652594
8306206
4101038
1823090
1449257
4183046
2691594
3282488
3146499
8844841
5443154
9340249
2469997
5681620
7826227
9517414
7917916
6419940
6726082
2677106
5262107
6482587
8429989
7733395
6044667
2939357
7776057
3123566
3184068
9184155
7023174
2382818
4836532
8199551
7854561
6054302
5640830
2665816
4088241
4585174
2909757
1629383
9922756
9498827
3346752
8253018
8938066
9970674
4764361
9462488
8544562
7796408
4274809
2638766
3565300
6699028
7361446
3913657
8723984
3063484
4804329
6405324
2172277
9889940
2424697
6912932
6687445
9811243
5559084
7278705
9279791
5292856
8370503
6631951
9614468
7059836
2420532
2161334
7378271
5289185
3803724
2650701
7757743
2452771
2113022
6649493
6459911
9458236
4708311
2205820
7679529
1267622
4722761
3566576
8470038
7146028
3832649
3780079
2407305
1949385
3300221
4829564
6194805
2380021
8073379
2547731
4864748
6382772
9899216
9709232
3059305
8555817
9283767
5845564
2679193
4781898
1747880
2890984
5888302
1000549
5845412
5887207
7341876
5453163
4009566
5852558
7060064
7937378
1213508
6428999
6135590
8116360
8473543
9727510
8919986
5159470
1603280
1288026
9256041
5549131
4879092
4802344
3125385
3718451
8259969
1359716
1236007
4944119
3033161
3802264
3788704
7263037
2109390
6478065
4485578
9134378
3553119
2350423
6783412
7919526
7454651
4623892
7303579
1216264
9646068
3211633
9239327
1886083
3975358
5519493
9454470
7735569
3577855
3408038
5343407
1907046
9219833
5722845
1133882
2587992
3178815
8657252
8022566
3285085
7035677
9715226
6894019
2079004
8595900
3445290
3639585
3922087
2948476
9118543
7887153
1713585
4433914
4586292
4402732
7690980
9013324
2048443
8665449
1068133
4328307
7094955
8483786
8122412
9691657
6907599
9850113
7688470
4974900
9326212
6920783
6052388
5663730
3781410
6202646
7846241
9566565
4353015
4324840
1651223
6053176
6416855
4175488
7023738
5108611
7523815
5512088
4106897
8973148
9434772
2411226
2004337
9053191
9493703
7935083
5540059
1404760
4644907
1714061
9709200
6406183
9281305
7200468
2882652
1770027
6613994
5583508
5253144
1946178
9425726
4230113
5219172
4171432
3166853
5766663
1426372
5294326
3527267
2673731
1309345
9384285
1454496
8754650
7255387
8095123
5372624
6788841
1743652
4125718
4573352
2598685
3908528
7273999
4524498
5279180
7577963
4867074
4059633
2990020
9371539
2871907
1773520
8140555
6376183
3902482
8536679
6038751
3154991
9736171
1166751
7612447
6117381
2277519
1331752
3839401
4022884
8382360
2260336
1290589
4653095
3055667
3318174
3687546
5028188
7495398
3956495
5501696
9504882
1738861
1950176
3223127
3599336
8062632
1183228
1536535
8052352
7348824
7605599
4213263
6231099
4297362
2375804
9291769
1289909
8653122
4738563
3353222
1599891
2194100
2356190
2921302
5668140
3201463
7950894
1939268
9372613
7881299
8780968
3137776
8743585
5368478
8334822
1858372
6059448
7126569
4428954
4592868
3813319
7351977
4670229
3292472
8474055
6961755
4618464
8060148
4689073
5015926
4330538
1530993
5235866
8932648
2621739
4784637
6758315
2771522
4525223
3626306
8270931
4821798
7026094
9157627
7478024
5244963
5709123
6550204
4198947
6559879
8727771
8645354
3333035
2254484
8546303
8818017
6953989
5065382
5264813
1200781
6589401
4371484
3212171
3144892
4507495
4419716
4151574
7448002
5602459
6709517
6548689
3870948
3537198
9366095
4862784
9919138
7069463
8894918
8784983
9732295
9416065
3442592
5517254
7958475
9763461
4906147
2194447
1649371
8534115
3831915
6745131
3454319
8669892
6161906
8704312
8053693
8709323
9528657
3105023
4642484
4519493
7000678
9971245
8797620
6549862
2913566
1217223
3248948
6516477
7279966
4490963
2148988
6441730
8206149
7681715
7493461
1055173
5354093
8558637
3487837
9567650
1070434
4788432
3728856
4249932
5170097
5573465
2423236
7467894
7785533
6476382
9788924
3935345
5059958
8729890
3081271
8706602
8216996
9155026
9896146
3459419
2630987
3968206
9622924
7257797
5708399
4857971
1136456
6408523
2686402
5796967
4045552
2966970
2011659
4026006
3084704
1289375
6077914
9339180
1431498
7891144
9072209
4623452
6238073
5449023
4342638
5975048
9008224
6896723
1914271
7339849
9007267
6178489
5147653
8277512
2986342
9872051
8386828
9053805
3937125
4592407
8191714
3287887
7347484
8665842
5704950
7619108
8283161
3925462
6370075
3668203
9100982
1887937
1389262
1203536
9738436
1837847
7274948
5772495
8875093
1799530
8999992
3961084
3956832
5897895
4302892
6527498
7152083
7318972
3034798
2110505
2637276
3086801
4195229
4085732
1961968
3322268
3316076
5094267
4781432
9165440
2738254
4741094
4768794
5613368
7086907
2471906
8030196
3747680
4014218
9937592
4521398
7888180
4584864
1351628
5281809
8945693
4536424
3438203
8111282
3419432
5332611
1236863
5143236
4706224
6461331
4999959
4535405
1688406
8671443
4043442
8194248
6194871
6140681
2425299
3777171
2023622
8173231
5284875
5483522
3699699
7994262
7269122
3636188
7889300
3668229
9898808
3908613
9056946
2560225
3019483
2632444
4488767
5846213
8398408
6590245
7213509
9786268
1516607
9028258
3234577
9178868
3427401
6833246
3298625
7504846
1565388
3552883
3324883
1241268
4562186
6162029
4157856
2847690
6713686
7914111
9787209
2835376
3597528
4766644
5375335
1287063
9958082
3795904
6627472
1194651
2469403
8737297
1005496
4708240
6109140
9177360
5994333
8596576
3502880
4404821
6711120
9263028
5692512
1597298
6748263
8003921
2592087
5056782
9458719
3244829
3733539
3668414
3895386
6558698
6270125
2406751
8455549
7667962
9390865
2456063
3966508
5951685
6384849
8274829
1123409
5730775
4697070
5262375
3255082
7877894
6659352
5841043
5767082
8584762
3548248
1656383
3087266
2058966
6190635
5088597
4344096
7825871
7704521
9682178
6475472
8660530
6037438
1078766
7950585
8854971
3668583
4319689
5655691
2974410
7144017
5119732
1247711
6860890
3649334
4179030
2793463
4486629
3051024
6473432
6516551
9907610
7397755
8856939
6085091
5358122
6077781
7872201
7968642
5199191
4523360
3124546
5121339
5621543
5691579
3956664
6462990
6504160
2895037
7631381
5104605
5542636
6885379
2584340
8234716
7379391
9085451
6296421
6248046
2846391
1501377
3324029
2340113
7104923
2113545
4335830
8582636
6976751
7501517
3186843
8123791
6012263
8997673
9169031
2679251
3738123
4016861
1682478
4230155
7544163
3088986
6417036
1279226
1287506
1270679
8911509
9810742
4766111
8036829
7364941
2676557
2197499
3362089
5577786
7569662
6624541
3621018
4539287
9674955
8334084
4846108
4732146
7471285
3115510
8919123
1307208
5023399
3194757
4699098
5750384
6365247
8102562
5479238
5318917
1638921
9961877
8099398
4035240
3881726
1237139
4518997
5144118
4998421
1899680
4586883
4882870
5866640
3810632
1763695
6693374
3177033
3515762
3790017
6679791
1622949
9393452
6760798
4104254
2280904
1061341
9725149
6657541
1925211
1578039
7051489
7443889
3196292
7901939
6470519
8051285
5221076
5049354
5764298
6709007
1852221
1201000
3492676
9045666
3374797
3815084
7827215
4637453
2004549
1412599
9384676
9586601
4054383
1168330
8513675
8137409
5137351
2995715
6677531
4290557
2301607
2573992
5932324
6523880
2688097
7866829
4844226
8752843
2248352
4425891
2222268
5672569
8671239
6702234
1160894
2035773
3343430
6526577
8621571
5986785
7785113
2579516
3970093
2943385
1889730
2799942
9314009
9830280
3772482
9541519
6508806
5003025
4365003
5261383
5539142
1829417
8412025
1201555
5520744
2626331
3320585
1325680
8019028
3500523
4912681
9123030
1112464
4052776
3892914
3799584
3096873
8366396
5713491
2919377
5028173
8700399
7421752
4382809
2818016
4382539
4152433
8362409
9930269
7002217
7557046
4949659
6432767
5176324
1455459
5600533
5087496
2785380
6903656
3446904
2036281
7664494
3285917
7303676
9089818
9920403
6853171
4762063
1724587
1551446
7237916
3456919
2336395
4202650
9820679
3214547
7593729
7075692
5501342
4707841
4558721
7032388
6493162
5282595
3922608
6925562
6625945
2417588
3276714
7804303
1636758
7755538
1833155
5947402
6063545
7202869
8278588
8158901
3162895
5744303
6122601
2790927
7827012
4335284
8267440
4257291
2429592
6630261
1193299
3731840
3371967
8479983
7072392
2925011
7733621
4110921
7002960
5516155
6058953
1356414
1109295
9725395
3031088
6420816
6185363
2214766
8239021
7900943
5853679
8751734
5163631
1344545
5194617
3411894
1981099
2051489
7799722
1065761
5464651
1703541
2151766
3951922
7498534
6166107
9985860
4977237
8173704
1016692
9416703
7701958
8378421
2703653
9746174
2210169
5776465
7881761
6084736
4873171
9132803
8062411
9662731
3076511
3609699
5666587
9987461
3053771
2985425
7756727
2204396
9290645
2549023
5471076
2918523
2951936
5482657
4680429
5641597
7179971
1885771
3321220
9587374
2471196
2233907
3172047
2876255
6388353
3199944
6083653
7739226
3876336
6317970
4007657
7082886
6435896
9890731
1015791
7302845
3670279
5849933
1187597
7122651
8523278
1716958
3248507
6924080
6187786
5108417
7982038
2983114
4685797
4582262
4616841
3155092
2972852
8064435
7059750
4323946
4779354
2268196
5169796
9574673
5486510
9860065
6176706
9088258
7596160
7271438
4502467
8618831
8756506
6676960
6431570
2792649
1749677
8869478
4546801
9585072
1962369
8022821
9687892
7020659
5341514
6150088
5461915
4977865
6050351
8565959
8010321
1206928
6134333
5591902
4556287
5692502
1745308
8152793
1591524
7490462
2953632
8729774
7903257
7936605
9584603
1290074
6232296
9750749
5184841
5856224
6915413
4230480
3125485
1593039
9763897
6128216
4388138
9814314
4920059
3357822
4706109
1225125
3099727
5014312
9831361
7952054
5163708
3182256
3075179
1841554
4166417
2461619
4896783
5342073
4035288
7631238
8274091
3539467
7919758
3901119
9668987
5629076
1645361
1707178
3069229
5214165
9067363
2746042
8529670
4279012
3794447
1582210
3412445
8789975
5445810
8298483
5476031
7775492
3110972
1115368
9605402
8295675
6164631
6476815
1210070
3832680
8449247
8600619
4258785
1599563
7475188
8213128
4273779
9317226
9455148
6775389
4495834
8299760
5806172
5914823
7398254
1583030
2618744
4621093
3255975
1791011
3593817
8443096
1838078
9125064
4789943
2476389
1847858
1746414
5506824
8604413
4071165
3093483
6201544
1955059
6207870
8598177
6468386
8485646
3462096
5918481
8642302
7410225
7422291
3826776
2540451
2969522
1785321
1176832
1200175
9193727
6333916
1025362
9902172
5201239
9077759
1704697
2329582
7233223
6089491
6378417
3695987
8752970
5423955
1431449
6547682
1951454
3179594
6992055
3354327
5654052
4164499
4609890
1933143
6574151
5409265
9257861
5486663
1383136
3948216
6681658
9317682
7699185
1820548
9305923
5156403
7619272
9352778
5625328
1361335
7337126
4394844
8703333
2587823
7422088
7298777
8484860
5784885
1901820
2236036
7493403
2174630
3415919
2699067
1207813
6096015
6673750
4559947
8314358
5443682
4691331
1533267
6361291
1712538
2754426
9437287
9241448
9723214
1113828
4449518
4177277
5485676
3652243
8443526
7185202
8695142
2950566
1727414
4606538
7407633
6260062
9987412
2301590
4623084
3369401
9083793
9166458
8331286
5099190
6825130
9044237
2099555
5030042
9653249
7354828
9937504
8192531
8984075
3928151
1556949
5933970
7846579
9982336
3574331
5795837
6388280
3152456
7882695
8505244
4135402
8788084
2953502
5701435
2120699
6712143
6750586
3411545
3028652
6584041
3647580
1389832
5167438
6982464
8726434
2831478
3043154
8739677
8209899
6290930
6269995
3022177
4566360
7620802
2720082
4378913
3699590
2062060
3533379
9117295
7364106
1319163
7875959
1126714
4389788
7647547
1402009
8975056
5721976
2038440
9406837
5732090
8483545
7134851
2857094
1922400
6253415
3663814
6209191
5932790
8551762
9314177
7947189
3202062
7178840
4625397
9407523
2572959
3972228
9500113
2422462
6686006
7245639
9991866
7760747
2428884
9491812
5667895
4843053
8896479
9058966
2578677
5016220
3521980
1320389
9071775
8247154
3751333
3727466
3389194
8973016
7293198
5955463
8976712
1220865
6638574
8006419
6153098
1171918
4643203
7474348
2838619
5910002
7188878
7982198
5186633
2001182
1606129
4235684
6616094
1297304
2308493
9169677
6190816
8587424
3505560
2836040
3152789
4232740
5773246
4013427
5010034
4696500
1590711
2382089
3203557
7830600
6289640
1253538
8319681
5971729
6617686
7251008
3252322
6167302
5280359
1686631
3703017
6501361
3980834
7334541
8263113
5933673
9068874
6813099
6635921
9311753
4875830
9522219
2544428
8253337
4924285
6630618
9286487
1362500
8695679
7831056
4372394
4834802
7907118
4004046
7297731
3929871
9157525
9162591
8669550
4671267
2568521
1518659
7335769
5091364
6510623
9771776
3824806
6927065
1286558
2870402
7736793
5004729
3999030
1759972
8168348
8062500
7092288
1986927
5880976
1883551
6424303
7734268
4074719
2063942
4500790
3933661
9559799
3859470
1031387
6724737
9697520
1215097
9758204
4292640
3313913
3300950
3332432
1266803
6034615
4070520
4100177
3108928
6918735
4481085
4117712
8277533
8855558
3955379
3957256
1305187
1521590
9098406
4697559
5099653
6118450
4735861
1333369
3599049
2714405
9274638
3719479
2267342
8161799
3599127
6273639
7715575
8630209
2280864
5454045
7508832
4542635
7396677
2205290
5880591
7204251
3416776
5877507
9699460
2654953
5540958
3224653
5700332
7768991
7313033
1147966
8831699
3296093
9000462
2460727
1450208
6434341
9310632
1805552
9550094
2101844
3238990
1097452
9840641
2878154
5951297
6061790
1456093
6979779
6551705
9017618
5424549
2683654
6943968
5335824
1993571
1597781
3504286
9387334
2170012
8014277
1990615
8972894
5641614
4543504
9700482
5498735
7518852
2758136
8334764
9281207
4910705
7772230
3326453
1701265
9541420
1784747
4320426
6439234
9038076
5658150
5960907
3511577
5103996
8275455
1127509
9419384
2255472
9163178
9313547
9431621
5067977
3482584
3986784
6317485
5210398
4084961
3609025
3015355
9956796
6487053
1876489
5315052
6577911
6647117
4829045
7119559
9649834
7837725
7397106
1590098
1687060
7875900
1591420
8689279
3858139
4499902
8728000
8001984
4694029
5048865
9973452
7901224
2096621
1765014
2156926
5503660
6720611
9054562
9119722
4140545
2804264
6092093
1622248
3412543
1825473
3109553
7332198
8638813
5044281
4660791
7580178
3080342
5338812
3909070
8724675
9038228
2059522
4707284
3665721
9289203
9646129
9629449
2573082
5827088
3848278
4751641
9982798
5184955
7862534
2806290
3704342
2023658
5452888
6574527
9493161
8554144
3198405
5831475
2427407
7802901
7495499
9478921
9966929
5191006
1663662
1720586
3718241
7374623
7889329
9852320
6788167
1204928
1021452
5802427
3745348
2803013
8267390
8927577
8406219
8194914
8753005
2675714
2306484
5610742
5646940
8301595
7801866
8294398
2671748
9629634
7017232
9715621
7888630
2042595
2811865
1841906
4534193
5717731
6943981
4233362
3421152
3950002
8639819
1768358
6701166
8606109
8432763
1675799
1418804
6150132
2534146
5772160
7323121
6446824
2255812
1332773
9553100
8704505
6786686
9897162
2492871
1070439
7856602
2737702
9234764
6473494
2834703
5824705
5632781
5060134
4845128
1479267
8846527
2849827
1155836
1183238
8533999
8602233
2123902
9781406
4020311
4035660
1396294
9565095
1467003
5118967
6117592
5644654
5390688
6583274
7383619
7497836
8413324
5170184
3166277
1485568
4122324
4490337
4149613
3339076
5836290
7820085
3721746
1929555
9476326
2763258
2272363
7519624
1638167
5798351
9619174
2319185
2073273
8871712
3720821
2327965
6817793
5372300
7845918
6564451
2027432
7268349
5921418
3872132
1155757
8163215
7788312
1365571
4570446
7646276
4562747
8762307
5299912
8590687
6571194
5493905
9975829
6207263
8014991
4026116
2102446
6112669
1030587
6907953
4305761
4473345
2164567
5521795
7510197
4640409
1862718
1363690
9690700
3988450
2728050
9204538
2173305
4726300
7874668
8810222
9945602
4789272
4578168
6572158
9372791
1641468
2546969
8804927
8128260
8827546
1404529
8822625
3056868
7987213
9244980
8256222
6957719
6026350
2775125
3179153
4416870
6801229
6442521
9801292
3491500
4274266
2756164
7087389
8963663
3990557
4584832
3044499
7664440
1670484
9093229
3195541
4679167
2926005
2808862
4055155
9606715
7031084
3396233
2205145
6289721
7541967
5999793
6334128
1460499
3009023
2832535
6045686
2146795
4184048
4399919
7197408
5125249
8483524
9885623
2984567
7221481
4600460
3157893
9012768
2870016
1802576
9235426
3158071
5580769
6149065
8059034
4692286
9433395
8901284
9564574
5574674
9403622
2879425
1037764
7365806
8831093
2807164
8776052
1503588
4809214
7100043
4630871
6665584
2944769
5346152
3459276
7303958
4380502
5351368
4147539
7984094
1987026
8832949
6755238
5165750
2708811
4229000
4084244
3189480
3986978
9810595
6717776
1809061
7965137
4784509
1184762
8133018
2205902
8564542
6975381
9577593
8255390
3542509
5039865
3804290
1652525
4885815
3981418
5787835
2911958
9785762
9416057
3722469
4863806
1241506
1102361
2561352
3126606
4766747
9979013
6272521
9528482
1200199
7822208
7590162
7279395
4793258
7574726
8142986
6838964
7559428
9957441
5163518
4835379
7485558
5378063
8239927
1306622
9492448
6652794
2126941
8719873
2126705
8837264
4009581
9395869
4572887
8957940
4096430
3170955
4346665
4616765
6999961
8676329
6111019
4545758
8309912
9922317
3585065
5888654
5224327
8106728
9137830
4713369
4101723
9870957
4122495
2407382
2616359
2081570
2624955
2296132
9415406
9979527
9351917
2898111
1956277
3438829
8738469
1085335
4163383
3449912
9998698
7946755
1144439
1700889
2951940
9940226
6998329
7901077
5897441
2349682
7467353
5506514
6473493
9164749
9104343
7183228
4093439
9501345
3144074
6041523
6337512
1737839
4086828
7139224
3116471
5326383
2861334
5896247
3947899
4025889
4794925
8002327
3973911
6698303
2045060
8922632
5191660
2529394
2561203
8800341
7072018
9263707
5448608
8885587
1112432
8855148
8522132
9102320
4485398
5045606
2519560
8835808
9518032
4959076
2051192
1311292
7292557
8466695
5115224
3562556
1774257
4168627
7430006
5909839
2733255
8680563
7757160
8621672
9367538
3758265
9846871
3868100
9743780
6476065
6301723
6979313
2661863
4096582
2884080
3691081
5139732
9735349
9230160
2533856
4888858
2337682
5559490
4952619
6968954
5439960
2366579
3579826
9628431
5137557
5917196
2219575
7190266
9012284
2664163
4590064
7616974
9235053
2037981
1392601
5990600
3613315
9955331
3877006
8793043
3055517
2359028
2983688
8806458
8579127
7483220
4258277
2766911
2480482
3032794
9413045
3448859
3675993
1750495
3747075
6980510
4485598
4745605
7251457
4241369
6822821
2406725
4812200
9442105
2034655
2030261
5628118
9804469
4146690
8291457
2018312
5316659
4366398
6753592
5049803
8223640
4897556
7352938
5551086
9305078
2388979
9535184
4855739
4714058
5383139
2963691
3451654
6671085
3388958
4040121
3757428
7694874
1854052
4647197
7623952
3644034
5850718
4826982
1104410
8698964
8091717
1051818
9266825
7333207
7819124
9748236
9393651
4109764
7552619
8627515
3774939
5953679
6757662
1773355
5636891
6273454
6618878
5725121
5194090
1604253
3254990
2340714
2066688
7644144
7091529
4307557
4944760
1623905
6842802
9599194
1781565
5863315
9007525
6933833
2534544
1780384
9672805
3735663
1328945
4097672
6721829
5590774
7710364
4293378
2211466
4624244
9158183
8003071
7214985
3780895
1368857
8516844
7187566
7820662
8168997
6563728
8902333
9866779
7117008
9378062
9635221
6398791
5194927
4708340
5000305
8192541
8388341
1962621
5339001
5977427
6597187
3570091
3124369
8383005
5960065
6741504
5069312
6609171
9253853
1609054
2081069
5360286
7950226
9975660
6146701
1063023
5098603
6213764
5127376
8524696
1304488
8438354
9709501
6216678
8544328
9856511
5252618
7339981
1519728
9247390
9396489
2844390
4216907
7361797
5025416
9104654
8779386
2779888
6277800
4121696
7023399
5634666
9140873
3257030
8802485
9684773
9092164
3063931
4853778
6263507
7222937
8578371
9321328
7002596
9775082
7612606
5838928
5148882
4492088
4912818
9964160
6603595
8117796
4415193
7474119
5750759
3536049
5408634
4007311
1484402
1777513
5727459
4846571
8678755
9159670
8519790
4679954
9875989
5145938
1915299
1939122
7604565
6418360
6274262
8567136
2799181
2475925
1393105
5516375
8872631
3992938
8238412
7653431
7828181
4469828
5874555
4322937
8000296
6776413
4439249
8372769
6003351
8906484
9866643
8298683
7487594
1218867
3219624
1914433
4381086
9817456
7427886
8363419
3106203
9493591
2421055
9562856
7157628
6839901
6937781
2290341
7763822
5103456
6901587
3329277
8789059
7579774
6581742
2288424
3056545
6947252
4901731
4723022
3845310
1927728
2924514
2457302
6555038
3404401
1987050
1197594
8402880
4852365
2511462
6333550
8321268
4069636
3852063
2482609
6235033
4364867
5795251
1377291
9309869
6955532
8277791
8929072
3948646
2504276
4536792
3333972
4613832
5559837
4754007
7259279
2589591
8802174
3388342
8141020
8594063
9654111
2409749
8639517
4665153
1154994
8487641
9866881
3786728
6011871
8421830
4088921
7794692
6474127
8694747
6728711
6912310
9754883
7230703
5435833
3138325
7996886
8379363
7920693
4280303
9901113
2982703
3068853
2409011
8649270
2922480
3669684
1997998
1681366
1163097
4937386
3035891
5554191
5315816
3641573
6485440
5567969
7242756
3491426
1425174
9753736
8468277
8263347
9489032
9253832
7184628
2257216
4718752
3967908
7158117
1553259
4184222
8341551
1593833
5823230
9545353
2285375
5062127
9098936
2371826
8507902
8419165
6137865
7440653
2045483
5899923
3146043
5385611
1225737
8449009
1459466
1785014
1481663
4124625
7407197
7875580
6748529
1819102
8619821
4184319
7024860
2329262
6400366
2598507
7022456
4619878
9083076
9606673
3454833
5752957
1987207
7078115
8236286
2600883
2177187
7407664
3851079
8480746
7070265
6135801
1552512
5972612
6113491
9129484
7865859
2310190
2855359
7115081
3847190
9839053
1400585
9098387
8704713
9221624
1206966
4082896
2937267
8116478
3296158
5264996
8828205
1112024
1632185
2851553
2750919
3921713
6113526
3528955
3820706
2472844
6140169
9366227
6429766
4762822
4692587
2082897
6042725
9082614
7735111
4244783
8469632
2973105
1832618
8081355
2704881
3568034
2610035
4571780
8855721
9164200
2727419
6022848
3239267
1134857
4065047
3484717
4471032
6160440
4351700
9996990
1263005
2700323
2748778
7159688
1512034
6027055
5020556
4796996
1308877
3369151
4752063
9740055
3847271
8971577
5499210
2664055
5182765
9516867
1597109
6521904
2086385
2868310
9063909
9985496
3750706
6450136
2287295
3681534
4673922
6044384
4189395
9835505
8886367
7861365
7631603
7809104
3537685
3999887
2346997
4790565
5191914
4273298
3505078
2531151
4990586
5610951
3642983
1365128
1690980
2615348
6814676
5838363
2791428
3354230
5576619
3088705
1282499
