1007432
1013781
1040626
1043675
1048549
1053085
1057750
1065076
1077838
1079222
1087331
1091582
1095349
1098776
1122908
1126232
1130556
1144609
1155695
1156505
1167822
1174899
1180389
1199100
1204250
1225119
1230829
1234287
1237128
1242211
1247517
1249444
1280755
1292910
1294105
1294262
1305685
1313046
1316112
1339966
1340945
1349342
1350330
1357030
1360392
1368423
1372393
1375098
1386058
1415397
1435029
1441553
1443396
1447285
1451026
1452532
1455861
1457800
1459749
1473988
1476692
1477150
1497407
1566051
1583037
1588657
1595705
1597297
1606014
1626187
1629154
1630367
1642677
1661637
1679827
1682138
1690882
1699446
1700638
1704893
1706217
1709236
1715526
1719186
1719209
1725421
1730386
1736614
1741775
1758520
1761096
1761771
1783268
1795511
1797258
1829947
1830726
1831341
1831735
1832494
1836102
1845761
1848044
1855558
1856138
1857022
1876934
1878961
1900386
1908600
1909506
1915061
1922574
1925733
1927155
1940890
1947645
1951364
1952945
1964999
1996075
2020288
2023027
2025857
2038074
2044172
2074331
2075456
2110502
2119692
2123042
2124497
2126524
2128547
2131820
2134561
2147131
2159272
2163913
2175968
2190376
2211170
2214765
2219726
2226373
2231767
2234687
2235346
2235719
2240312
2240662
2250041
2258734
2260335
2263037
2277435
2283830
2312724
2325459
2329535
2330440
2334905
2343697
2349833
2350766
2361703
2367284
2373060
2374094
2378322
2383962
2406868
2422497
2429460
2436427
2461988
2466393
2490149
2495188
2502139
2522788
2528985
2542975
2549984
2550967
2561762
2562594
2565387
2572026
2584191
2623596
2647867
2657066
2665342
2672889
2677829
2683741
2684651
2690173
2697197
2701197
2718801
2743340
2746027
2762040
2767342
2779027
2785432
2787509
2790699
2797230
2804631
2851221
2862460
2863955
2865181
2873523
2873914
2878917
2928473
2929803
2929990
2940858
2947226
2953461
2976021
2981300
2992246
2992260
2997273
3002407
3002814
3036032
3039468
3052670
3054653
3065592
3081902
3090279
3090493
3095275
3098520
3120591
3123566
3124643
3129501
3132284
3142915
3143760
3154076
3157659
3159027
3160048
3160386
3161346
3162598
3166264
3179867
3179946
3214636
3215573
3219598
3235525
3253192
3270316
3278512
3291316
3295494
3319822
3332574
3342120
3350740
3351243
3351787
3352676
3358170
3382453
3391916
3394056
3399306
3400062
3409033
3411809
3420310
3442586
3458526
3471499
3497388
3533657
3539708
3541194
3545463
3566590
3616101
3630277
3632814
3636519
3638974
3642180
3657845
3664104
3667405
3674953
3680714
3692861
3693388
3711401
3727664
3729611
3729826
3730627
3740787
3742509
3745915
3754696
3774146
3783178
3789567
3789641
3799633
3808382
3813525
3829214
3836806
3837781
3841116
3845307
3849112
3865763
3879149
3890252
3891423
3892154
3895016
3895933
3898883
3900833
3903920
3905883
3913086
3915960
3929552
3930573
3933805
3935052
3945784
3946132
3955645
3955945
3970950
3980054
3982433
3984273
4008124
4023514
4033268
4062378
4065616
4072260
4073158
4078421
4083196
4100473
4113023
4121604
4150538
4163068
4170255
4174544
4176884
4184195
4185190
4199752
4202256
4227305
4236305
4237320
4247517
4261871
4266826
4278594
4280936
4281604
4286690
4297126
4323386
4324354
4324462
4343750
4350022
4356997
4363465
4365109
4365532
4366150
4369882
4377745
4381522
4381555
4418890
4427144
4452291
4466027
4471055
4478396
4502794
4514224
4516705
4517625
4517754
4524115
4541030
4552484
4557470
4564395
4565897
4571578
4573273
4576511
4580225
4597961
4600810
4603772
4629879
4634274
4636951
4642578
4648014
4652018
4660524
4683241
4689010
4711472
4718489
4718536
4741334
4745614
4748994
4786262
4814309
4817599
4826705
4826786
4829873
4839344
4845969
4852907
4856500
4859982
4864771
4867357
4870358
4878699
4882398
4889676
4894516
4918614
4922983
4925403
4931552
4942640
4968256
4968498
4972099
4979777
5003307
5005377
5011210
5013328
5026191
5040479
5048173
5050331
5055558
5059028
5090510
5121111
5132262
5134061
5134252
5136590
5138836
5139993
5143671
5144075
5149990
5154864
5159088
5160410
5167667
5169131
5172076
5177645
5219184
5229794
5232899
5250585
5270389
5293482
5301864
5302315
5329952
5340976
5356046
5363570
5369368
5388787
5399477
5404183
5408855
5432974
5434724
5438955
5450069
5463046
5469089
5469314
5476026
5486703
5535312
5535625
5555681
5566937
5567096
5569197
5571954
5588862
5589757
5598452
5606247
5607681
5608380
5617723
5621044
5626378
5670345
5674962
5677682
5694230
5705850
5712283
5723312
5723741
5724119
5732270
5740599
5741372
5744248
5751635
5759836
5766178
5776242
5783280
5787114
5794337
5801857
5809589
5812248
5817578
5821269
5831357
5842700
5863392
5889893
5898177
5899419
5926620
5930033
5940411
5945834
5955280
5975753
5978943
5982028
5982530
5985718
6001409
6024314
6031020
6039527
6049921
6058186
6062578
6062801
6075044
6079341
6087445
6096070
6105253
6111989
6122562
6124565
6143265
6176687
6179831
6181681
6184414
6187620
6191376
6209360
6230849
6249078
6267722
6273218
6294617
6300482
6315058
6321810
6322944
6332896
6353101
6363313
6364306
6371532
6378558
6392415
6406571
6439321
6454627
6456454
6458347
6470335
6470679
6483993
6485742
6494220
6504513
6513845
6514185
6525544
6528648
6537060
6540560
6561959
6565948
6576762
6584714
6587791
6614148
6624148
6637101
6639181
6643578
6644934
6650648
6655543
6656524
6657125
6663587
6671760
6680760
6684446
6688959
6689452
6690125
6696602
6698270
6700998
6712942
6730062
6733562
6739780
6745801
6749316
6750325
6760862
6764166
6765016
6767523
6783692
6805456
6805496
6814325
6829519
6832769
6833007
6848046
6849972
6872421
6885640
6889501
6890100
6911259
6916594
6917271
6919588
6921847
6928098
6929672
6935571
6940751
6944400
6949491
6957868
6958949
6961165
6963265
6972371
6993744
7003127
7025085
7040187
7056919
7068981
7089259
7090373
7101943
7104333
7121918
7129873
7136752
7138005
7143856
7151853
7155438
7161534
7174208
7175876
7176274
7176375
7181614
7208018
7216971
7220127
7240809
7248230
7265722
7284174
7296904
7332423
7333214
7341921
7343706
7347750
7348481
7354699
7366054
7370231
7407429
7419367
7432701
7437669
7460270
7471534
7479635
7496782
7502532
7503975
7516504
7519317
7530699
7540272
7544027
7547319
7555552
7566366
7590619
7596859
7602375
7611531
7625039
7625919
7642463
7648627
7648887
7658726
7694580
7701469
7705283
7712836
7714022
7716455
7727544
7729618
7732756
7753899
7771491
7784264
7784529
7789334
7791930
7823804
7826765
7827935
7833755
7844589
7867429
7869529
7875847
7900720
7901002
7914274
7926546
7931915
7947489
7958516
7959751
7960354
7963048
7964753
7965460
7967847
7974939
7976911
7994964
7998174
8002207
8005068
8006921
8014073
8033853
8045373
8054678
8058644
8068562
8082926
8113010
8118496
8126159
8127114
8127191
8131883
8162528
8173850
8185106
8202324
8205495
8209102
8229084
8230146
8233641
8237176
8239779
8254804
8254907
8261817
8297785
8310280
8336318
8344670
8346125
8346647
8357351
8368051
8368091
8370151
8370205
8381282
8406531
8410375
8411843
8429646
8434998
8435989
8455653
8458679
8459098
8516122
8540146
8541761
8552188
8555456
8563100
8564649
8568434
8583401
8585619
8605768
8612576
8639834
8641815
8644060
8653031
8675853
8692081
8710977
8716598
8720678
8722407
8730896
8742315
8744045
8755996
8770261
8775261
8782909
8809425
8811565
8828508
8829052
8841107
8841476
8842662
8853709
8855450
8876614
8883067
8901633
8909958
8928633
8935757
8936390
8945523
8950985
8957853
8961345
8991553
9003688
9011851
9012742
9017575
9023491
9023732
9037169
9048864
9084811
9095430
9101886
9118020
9137752
9159126
9168825
9174349
9190727
9191231
9197069
9210201
9232847
9235666
9235753
9235954
9243964
9244605
9246820
9250994
9253539
9254816
9279917
9290690
9339389
9340152
9347558
9364163
9365686
9412307
9415612
9425831
9426212
9427377
9428308
9468764
9476127
9482225
9488088
9495767
9513710
9527662
9536479
9543776
9545515
9556076
9556775
9560815
9567585
9573383
9574408
9590859
9600493
9603661
9604338
9611379
9618438
9653612
9691719
9708567
9708682
9712142
9725469
9727501
9728565
9729962
9745128
9755593
9757463
9769063
9787182
9795582
9802426
9827193
9839041
9858401
9880030
9889191
9894744
9901924
9908368
9911135
9927030
9947269
9983087
