1001716
1002923
1004201
1004802
1004803
1008810
1008810
1009071
1009978
1013455
1013560
1013820
1014577
1015330
1015331
1017052
1018041
1018799
1020191
1021114
1021468
1021731
1022655
1024760
1025012
1025594
1025673
1028292
1029395
1030647
1030688
1031364
1031709
1032281
1032812
1033114
1034083
1035339
1035431
1035741
1035743
1037094
1037640
1038285
1038286
1038385
1038614
1038939
1039046
1039356
1040251
1041222
1041697
1041784
1041918
1044343
1044374
1045266
1046430
1047494
1049176
1050293
1051491
1053971
1054398
1054462
1054646
1055025
1055184
1056316
1056820
1057144
1057453
1060234
1065527
1066134
1066515
1068264
1069039
1069731
1071236
1072671
1074033
1074053
1074207
1075420
1075565
1076135
1076435
1077119
1078502
1079099
1079334
1080643
1080851
1081234
1083170
1083194
1083898
1084319
1084465
1084607
1086280
1086403
1087124
1087305
1087590
1088431
1088745
1088798
1088924
1089012
1089933
1090166
1090321
1091507
1093314
1093902
1094387
1095570
1095602
1096980
1098490
1098655
1099609
1099748
1101338
1101699
1101836
1103873
1104259
1104753
1105418
1105757
1105939
1106130
1107033
1107490
1107726
1108855
1108989
1109405
1109733
1110635
1110828
1111639
1112661
1113380
1114600
1114889
1115017
1115476
1117317
1118359
1119778
1119942
1120034
1120236
1120527
1120828
1121224
1121364
1121989
1122336
1124127
1124424
1124696
1124734
1125902
1126009
1126021
1128317
1128493
1128511
1128906
1129426
1130777
1132365
1132473
1132880
1133298
1133375
1133709
1134329
1135090
1135875
1138075
1138691
1138959
1139887
1140658
1141649
1142277
1142570
1142651
1142712
1143412
1143418
1145002
1145123
1146048
1146645
1146662
1148021
1148491
1149092
1152906
1154908
1157466
1160655
1160863
1162865
1162983
1163028
1163660
1163761
1163936
1163967
1165078
1166130
1166956
1167593
1167639
1169009
1170399
1171288
1175669
1177963
1181604
1184642
1184979
1185924
1186651
1187918
1189144
1189536
1190100
1190110
1190374
1190660
1192192
1192340
1192664
1193026
1194264
1194733
1195424
1196584
1198657
1199113
1199195
1199554
1199734
1200276
1202155
1203102
1204401
1205864
1206460
1207357
1213120
1213451
1214319
1216050
1216756
1216776
1216920
1217140
1217921
1218068
1219189
1221609
1221892
1222482
1222587
1223369
1223867
1224988
1226340
1226557
1226714
1229322
1229844
1229845
1230025
1231554
1231888
1233682
1233867
1234266
1234404
1235275
1235408
1236156
1236397
1236982
1237208
1238055
1239262
1240408
1241876
1242044
1242177
1242314
1243026
1244072
1244718
1245062
1245098
1246237
1246326
1247001
1249240
1250321
1250848
1251055
1252425
1253401
1254376
1255533
1255569
1255944
1256857
1257335
1258120
1258123
1259121
1261120
1264967
1265202
1265656
1266491
1266596
1266988
1268350
1269743
1270211
1272167
1273374
1275861
1276537
1279366
1280620
1280696
1283109
1283778
1285028
1287646
1288214
1289091
1289420
1291814
1292845
1294083
1294657
1296285
1298758
1300363
1300750
1301215
1302235
1302497
1303835
1303912
1304316
1304583
1305095
1306471
1306601
1307401
1310668
1314936
1316591
1316789
1319132
1321504
1321608
1322001
1323780
1323856
1325121
1327194
1327591
1328163
1328997
1329028
1329215
1329275
1329871
1330548
1332225
1334009
1335655
1336457
1337823
1338098
1338214
1338486
1339195
1340129
1343378
1343483
1343608
1345682
1348186
1348623
1350923
1354616
1354775
1355644
1355756
1357079
1358288
1360999
1363922
1364102
1365888
1366644
1367597
1368940
1369311
1369480
1370062
1370587
1370605
1371019
1371622
1372449
1372535
1374305
1374392
1374995
1375584
1375833
1376479
1376494
1378438
1380966
1381687
1383008
1383327
1383396
1387285
1387412
1388070
1388502
1388979
1389929
1391360
1393637
1393702
1393880
1394144
1395266
1396764
1396893
1396936
1397118
1397227
1397353
1398408
1401179
1402117
1403964
1405667
1406112
1406928
1408562
1411211
1411290
1412566
1414474
1415500
1416238
1416976
1417847
1418501
1421410
1422156
1422849
1423458
1424171
1424401
1424805
1425445
1425809
1426096
1426539
1427308
1428532
1428566
1429836
1433791
1433911
1435583
1435638
1436658
1436853
1438569
1440534
1441539
1442691
1442958
1445317
1447602
1447780
1447835
1448805
1449461
1451091
1453223
1454172
1456147
1457397
1457594
1458248
1461943
1462171
1462450
1463911
1465126
1465159
1465205
1466600
1468258
1468658
1468766
1469320
1469834
1470228
1470257
1470674
1471088
1471884
1472676
1472924
1473548
1474280
1474756
1475002
1475992
1476234
1476546
1476729
1477278
1478704
1478912
1478985
1479860
1480479
1481000
1481241
1482510
1482757
1483687
1484119
1484443
1485937
1488309
1491439
1491573
1493281
1493355
1493534
1494627
1496079
1499146
1500060
1500157
1501033
1501332
1501899
1502287
1502446
1503502
1503614
1504349
1506038
1507513
1507957
1509875
1510050
1510437
1510708
1510863
1511917
1512387
1514456
1515444
1515636
1516481
1518002
1519875
1522393
1523049
1523233
1525002
1525668
1526193
1526232
1527366
1528329
1528649
1530876
1530920
1533212
1535226
1535525
1538019
1539193
1539609
1539862
1540149
1540778
1540911
1541246
1542078
1542818
1543220
1543313
1544560
1544822
1545233
1545789
1545810
1546449
1546556
1547540
1548563
1549219
1551481
1552104
1552957
1553155
1555153
1555605
1556633
1557948
1558081
1558117
1558630
1559026
1559880
1563112
1563752
1565417
1566571
1567491
1568033
1568628
1569515
1570885
1573983
1574838
1575583
1576109
1576331
1576757
1576785
1577033
1577176
1577244
1579108
1579250
1579943
1580621
1582725
1582815
1583474
1583519
1583656
1583799
1584232
1586884
1587530
1587538
1587922
1588757
1590703
1592128
1592565
1592756
1592999
1593280
1594548
1594620
1594722
1595172
1598771
1600442
1601111
1601222
1602926
1604487
1604549
1604776
1605840
1606281
1607840
1609911
1610300
1612388
1612485
1612488
1613847
1614017
1614896
1615740
1616134
1616458
1618268
1619092
1619609
1620320
1621417
1621424
1621952
1622009
1622371
1622934
1624440
1624587
1624746
1625167
1625771
1627403
1628510
1629203
1630612
1630952
1631403
1631691
1632807
1635499
1635852
1636154
1636644
1637478
1638361
1639459
1640465
1640950
1641793
1641890
1642976
1643319
1645379
1645389
1645590
1647465
1649329
1649457
1649645
1651991
1653174
1654452
1656175
1656437
1656491
1656925
1658104
1659658
1659782
1660658
1662255
1663716
1664411
1666159
1666297
1667272
1668443
1669581
1669651
1670052
1674991
1675014
1675176
1676834
1677644
1677991
1678029
1678041
1679210
1680190
1680834
1680897
1681176
1685320
1687616
1687936
1688043
1688615
1689700
1690543
1692167
1692254
1692626
1692785
1692849
1694099
1694127
1694655
1695401
1696042
1696521
1697185
1698516
1698933
1699647
1700119
1700709
1700903
1701294
1701423
1702303
1703042
1703651
1706163
1706633
1708211
1710247
1711969
1712051
1712420
1712731
1713381
1714330
1715333
1716470
1718169
1718784
1719286
1720402
1720407
1721581
1722215
1724847
1725355
1726280
1726676
1727145
1727151
1728028
1728164
1728245
1728490
1729922
1730343
1730481
1732776
1733445
1733651
1733654
1734233
1735332
1735709
1736419
1736783
1736976
1737026
1737731
1739447
1739864
1740105
1740847
1741780
1742482
1742695
1743744
1743914
1744446
1744717
1744772
1744974
1747303
1747646
1748049
1748495
1748510
1748557
1749536
1751261
1751325
1752191
1752562
1753215
1754511
1756390
1757744
1758904
1759530
1759827
1759945
1760759
1762132
1764028
1764628
1765131
1765680
1768196
1768542
1772756
1772967
1773137
1773432
1773940
1775964
1776138
1776811
1778030
1780207
1780723
1782437
1782696
1784042
1784056
1784616
1785338
1785623
1787062
1787330
1787487
1787499
1788949
1790238
1792424
1792480
1793485
1795674
1796157
1797454
1798451
1800649
1800919
1800987
1803646
1805186
1806845
1808334
1808389
1809014
1810843
1811750
1812196
1812522
1812960
1813330
1815613
1817827
1818668
1818701
1818797
1820464
1821390
1821581
1821915
1824823
1826485
1827068
1829272
1830187
1830858
1831517
1832218
1833340
1834107
1834382
1835800
1836353
1837445
1837504
1838032
1838819
1841065
1841577
1842516
1844456
1847351
1847378
1847681
1847870
1848004
1848093
1848833
1849669
1850158
1850274
1852698
1853058
1853286
1853437
1855293
1856524
1857071
1857809
1858287
1859065
1859809
1860879
1860889
1862123
1865317
1866416
1867187
1867392
1869224
1870408
1871054
1876406
1878097
1879146
1880675
1881305
1883519
1884631
1884688
1887038
1887570
1888923
1889194
1889789
1893290
1895633
1895922
1896149
1896973
1897450
1898072
1898809
1899077
1899350
1900157
1900245
1900735
1901806
1902677
1903421
1903748
1903975
1904069
1904358
1906644
1907566
1908021
1910836
1912357
1913537
1914598
1914631
1915065
1917314
1918023
1918054
1918607
1918729
1921036
1922748
1923227
1923746
1924431
1924567
1927181
1927664
1927772
1928114
1928401
1928666
1929227
1931147
1933386
1934848
1934932
1936320
1937039
1937120
1937127
1937510
1937605
1937637
1940143
1940179
1942974
1943615
1944898
1945242
1946552
1946565
1947388
1949079
1950695
1952538
1953051
1953857
1953915
1954362
1954911
1955803
1956151
1957463
1957664
1957688
1958374
1958618
1958827
1958842
1960052
1960272
1960785
1962883
1964047
1964449
1964583
1964673
1966146
1966923
1967402
1967551
1968637
1969508
1969665
1972854
1972896
1972903
1973349
1973352
1974158
1977875
1978357
1979071
1979423
1980416
1981212
1982385
1982412
1986668
1986831
1986922
1987251
1987904
1988702
1992345
1992534
1993339
1994165
1994634
1994950
1995716
1996198
1997767
1999061
1999336
2000312
2001135
2001451
2001762
2005460
2005664
2005861
2006861
2007849
2008421
2008589
2008687
2008860
2010743
2011281
2012642
2016954
2017161
2017226
2017261
2017685
2018278
2019140
2019347
2019888
2021146
2021404
2021494
2023035
2023085
2023360
2023806
2024643
2024727
2025567
2025756
2026518
2028207
2028955
2029282
2032360
2032413
2036005
2036407
2036842
2038663
2039558
2039669
2040181
2040360
2041050
2043850
2044531
2047519
2051396
2051560
2051625
2052071
2053623
2054704
2054818
2055030
2055275
2057682
2057885
2057911
2058857
2059349
2059515
2060735
2061649
2061733
2062843
2062887
2062913
2063597
2064170
2064483
2064582
2065607
2066370
2067214
2067387
2071321
2072360
2072550
2073422
2073613
2073636
2074009
2074105
2074546
2074778
2075019
2075585
2075979
2078417
2079164
2080302
2082094
2082963
2084017
2084594
2084757
2084998
2085195
2085773
2087066
2087210
2087341
2087595
2088852
2089385
2090887
2091046
2091150
2091187
2091359
2094098
2094214
2094401
2095384
2095715
2097413
2097710
2097993
2098070
2098673
2098919
2099008
2099891
2099928
2099975
2100458
2101321
2101568
2102252
2102697
2105760
2105850
2108945
2109169
2109712
2111625
2113902
2116209
2116340
2116770
2118347
2121586
2121984
2122678
2123011
2123583
2123864
2124078
2125202
2125424
2125541
2127525
2128060
2128217
2128515
2128744
2129399
2129755
2130306
2131032
2131715
2132031
2132474
2133865
2135516
2136131
2136567
2136581
2137367
2138138
2138367
2138663
2139929
2140119
2141700
2141743
2141966
2144811
2145106
2146565
2148070
2148465
2148592
2149320
2149357
2151478
2151727
2152008
2152022
2155651
2155668
2156613
2157840
2162061
2162380
2162690
2165599
2166639
2166831
2167248
2167702
2168076
2168687
2168728
2170083
2170702
2171277
2173079
2174552
2174615
2175843
2178436
2180279
2180377
2181335
2184678
2184765
2185258
2185921
2186075
2188490
2189401
2190448
2191062
2191304
2192340
2193390
2193546
2193562
2193980
2194020
2194415
2195018
2196147
2196536
2196914
2199917
2200634
2201578
2201640
2201885
2202025
2202199
2204214
2205201
2207182
2208005
2208140
2209556
2210208
2210847
2210931
2211576
2211907
2214718
2215517
2215632
2217047
2217771
2217943
2218454
2218644
2219733
2220874
2221846
2222559
2222817
2223956
2224510
2224794
2231106
2233271
2233428
2233492
2233579
2234874
2236148
2236387
2236772
2236972
2237170
2237320
2238358
2239080
2239133
2239803
2241261
2241335
2243379
2246649
2247534
2247666
2247694
2248286
2248290
2248586
2248908
2250478
2252332
2252804
2254005
2254224
2254592
2255150
2255490
2256534
2256834
2258857
2259546
2260494
2260523
2261320
2261477
2262155
2262381
2262679
2263166
2270283
2273022
2274598
2274735
2275891
2277251
2278603
2278699
2278902
2280989
2281869
2282711
2282729
2283349
2283367
2284100
2286156
2288442
2290188
2290210
2291774
2291835
2294208
2296012
2296459
2296579
2297258
2297617
2300657
2301221
2301624
2302038
2302529
2303651
2304663
2307818
2308465
2308768
2309663
2311842
2313009
2316387
2317708
2318079
2319023
2320371
2321065
2321077
2321178
2322205
2322487
2323009
2327393
2332748
2334621
2335627
2335819
2336462
2336972
2338267
2339614
2341706
2343136
2343852
2345131
2345729
2346007
2347053
2347662
2348196
2348785
2353596
2355205
2356870
2357453
2358769
2359546
2361847
2363060
2363467
2363662
2364624
2366550
2366575
2367190
2367209
2369733
2370354
2370858
2371449
2371994
2372507
2372608
2374993
2375487
2377910
2378158
2380143
2380620
2383016
2383589
2383694
2384250
2384319
2387045
2387529
2388028
2389688
2389715
2390165
2391017
2391128
2392123
2392631
2395365
2396008
2397490
2398170
2398786
2398957
2399320
2399944
2402792
2403842
2405203
2405926
2406065
2407406
2410402
2412279
2413406
2414403
2415323
2415501
2416240
2416242
2419719
2419933
2419969
2421505
2422186
2423671
2424140
2424217
2425047
2427470
2427566
2429315
2429846
2430235
2431894
2433322
2434633
2436120
2437076
2438096
2441583
2442397
2442475
2442658
2443623
2443766
2447019
2447234
2447825
2450028
2450233
2452078
2452310
2452898
2453767
2456690
2457337
2457351
2458365
2459300
2460408
2460862
2461313
2462057
2462135
2462390
2463584
2464443
2464448
2464982
2466395
2467047
2467096
2467483
2467539
2468586
2469055
2469059
2470663
2471986
2472699
2473227
2475368
2475495
2478691
2478823
2481631
2482368
2482669
2482974
2483503
2483949
2485559
2485798
2487100
2487157
2487274
2488683
2488782
2489059
2489414
2490051
2490535
2492701
2495498
2496047
2499403
2500471
2501293
2502456
2502489
2502728
2503665
2504051
2504087
2505435
2505441
2505500
2505716
2506236
2506409
2509073
2509484
2510069
2510203
2510607
2511272
2511416
2512818
2513394
2513456
2513851
2514656
2517377
2517756
2518371
2518818
2520381
2521454
2521767
2522610
2523084
2524946
2526110
2526381
2528031
2530107
2531579
2531930
2532190
2532566
2533415
2535075
2535643
2535701
2536084
2537449
2538428
2538789
2539788
2540127
2540368
2541086
2544053
2547036
2549181
2549866
2550927
2551055
2551306
2551704
2552132
2555059
2555928
2556084
2556613
2557053
2557696
2559039
2559715
2560733
2560840
2561153
2561750
2562063
2562908
2564112
2564561
2565844
2566765
2567925
2569819
2570592
2571606
2571791
2571852
2572325
2572528
2573533
2577596
2577620
2577836
2578129
2578484
2578567
2579079
2579590
2580966
2581832
2582639
2582874
2583148
2583240
2584143
2584941
2585588
2585749
2585928
2591982
2592085
2593696
2594971
2596208
2599576
2600135
2601389
2601582
2601710
2602070
2602534
2602934
2603346
2604621
2605490
2606362
2606893
2609159
2610031
2611694
2612530
2614690
2616794
2617156
2617235
2617722
2622093
2622840
2623117
2623774
2623910
2624667
2625321
2626046
2628758
2628869
2629406
2629510
2632130
2633042
2633357
2633733
2635134
2635866
2636259
2636316
2636923
2637374
2637810
2639213
2640204
2644288
2644565
2644878
2646198
2647320
2647658
2648922
2650252
2652298
2656162
2656616
2658519
2658557
2658989
2660240
2660855
2661541
2661913
2662006
2663989
2664838
2665240
2666941
2668434
2668530
2669812
2671217
2671258
2674555
2674609
2674625
2674710
2675350
2676058
2676519
2678147
2678214
2678699
2679167
2679748
2681148
2682226
2682459
2682716
2683813
2684707
2687215
2687217
2687465
2687863
2688843
2689777
2689990
2690021
2690775
2690961
2694200
2694295
2694436
2696617
2698384
2698643
2699984
2700024
2701623
2701666
2703806
2705135
2707179
2709540
2710174
2710770
2711295
2711675
2713255
2713688
2714134
2715396
2717255
2717390
2717542
2717851
2718349
2719509
2720536
2721656
2723773
2726316
2726543
2726664
2727275
2729816
2729914
2730139
2730651
2730917
2733109
2733247
2734649
2735656
2736476
2736999
2737504
2737709
2738810
2739083
2739732
2739780
2739951
2740135
2742238
2742240
2743069
2743368
2743891
2744232
2746686
2749046
2750986
2751013
2751079
2752257
2754252
2755204
2755215
2756114
2756470
2757321
2757559
2758723
2763190
2763312
2764367
2767007
2767444
2767647
2767745
2770279
2772179
2776923
2776986
2777003
2777585
2778590
2779512
2779574
2780528
2780746
2782026
2782058
2782660
2782988
2785972
2787021
2789172
2790122
2791308
2792522
2793107
2794986
2796461
2798385
2801173
2801265
2801375
2802481
2808352
2809597
2810503
2810809
2811131
2812020
2812168
2812230
2812644
2813852
2814290
2814459
2815239
2815921
2815986
2816107
2818013
2820818
2820915
2822757
2823467
2823949
2824668
2826337
2826417
2827254
2828167
2828486
2830662
2830902
2831740
2832742
2835305
2836138
2837530
2837624
2841002
2841072
2841441
2841631
2842782
2843325
2844333
2844623
2845045
2845118
2845672
2846229
2846454
2848053
2848095
2848996
2849460
2850111
2852404
2852521
2852870
2854549
2855587
2855818
2856458
2856539
2857169
2861970
2863414
2863425
2863539
2863612
2863902
2864126
2864143
2864191
2864378
2864788
2865519
2866737
2866777
2867463
2868420
2869081
2869436
2869916
2870424
2875231
2876061
2877566
2877711
2877772
2879282
2879533
2880246
2881063
2881173
2881251
2881567
2882148
2882372
2882733
2884653
2884705
2885070
2886139
2886384
2886471
2887153
2887408
2890747
2892081
2893198
2894580
2894748
2894757
2896957
2898579
2899125
2899632
2899673
2901463
2902985
2903396
2903594
2903707
2903884
2906578
2906621
2907858
2908360
2908608
2908742
2908856
2910367
2910541
2910738
2912838
2913123
2913547
2913679
2915040
2915687
2916305
2916551
2917565
2919098
2920750
2920931
2922042
2922408
2922815
2924847
2925362
2925469
2927135
2927185
2927667
2928766
2929728
2931736
2933502
2933753
2934021
2935555
2935624
2935652
2936973
2937240
2937433
2937541
2937847
2939802
2942668
2943339
2943832
2944032
2945256
2945733
2947158
2947160
2947604
2949454
2949466
2952628
2953898
2953903
2954122
2955092
2955532
2955637
2955741
2957770
2958209
2958692
2958874
2959256
2959714
2960687
2961083
2961751
2961820
2963493
2964252
2965333
2966128
2966321
2967743
2968461
2968526
2968888
2968922
2970021
2971059
2971601
2972341
2973987
2974893
2975084
2976735
2977255
2977615
2977939
2979606
2981855
2983609
2983978
2986073
2986759
2988864
2988903
2988946
2990047
2990972
2995015
2996636
2997567
2997899
2998824
3002513
3002884
3003543
3003733
3003812
3004636
3005872
3006086
3006394
3006416
3006829
3007001
3007103
3007300
3009360
3011242
3011397
3011801
3013067
3013547
3013873
3015498
3016080
3017257
3018062
3018083
3020926
3022468
3024913
3026174
3026264
3026933
3028683
3029207
3029260
3029595
3030352
3030587
3031555
3031934
3032497
3032573
3032591
3032705
3036746
3038712
3040062
3041366
3042045
3043025
3043297
3043949
3045967
3047350
3048340
3051558
3053152
3053326
3053479
3053487
3053543
3054047
3054261
3054493
3055652
3055859
3056305
3056692
3056914
3056958
3058427
3058600
3058605
3059055
3060780
3061090
3063888
3065850
3066026
3066050
3066186
3067146
3067832
3068490
3070071
3070168
3070517
3070688
3071261
3072755
3072854
3073147
3073603
3073617
3074259
3075434
3077031
3078832
3078976
3079234
3081138
3081886
3082874
3084678
3084793
3087362
3088816
3089946
3090033
3090928
3091497
3093798
3093922
3094892
3097117
3097151
3097272
3097365
3097466
3099091
3099942
3100020
3100897
3100925
3101115
3101189
3101839
3102879
3103753
3105210
3105394
3105538
3106554
3107787
3108540
3109878
3110967
3112541
3113762
3113935
3115188
3116271
3118042
3118114
3118663
3119109
3119266
3119976
3120408
3120647
3120906
3123895
3124769
3125803
3125832
3125911
3127877
3127954
3128135
3128231
3128519
3129167
3130798
3131072
3136396
3137291
3137392
3139322
3140118
3142820
3143567
3144229
3145773
3146005
3150202
3150689
3155431
3155707
3156432
3157257
3157299
3160054
3160629
3161749
3163549
3164366
3165172
3165923
3166611
3166811
3167096
3167596
3168446
3169349
3169571
3171032
3172953
3173460
3174869
3176089
3176886
3177249
3177251
3177832
3178071
3180145
3180348
3180748
3180906
3184064
3185910
3186656
3186932
3187295
3187835
3188011
3188439
3188992
3189044
3189639
3189956
3190695
3191503
3191655
3192723
3194597
3194877
3195447
3196663
3197263
3197396
3200738
3200910
3200998
3201681
3201887
3201961
3201968
3202560
3203989
3204421
3204491
3204545
3205159
3205862
3206267
3206618
3207142
3208149
3209401
3211460
3211545
3212385
3212691
3213209
3213579
3216728
3217712
3218232
3218361
3219314
3221359
3221915
3222743
3222832
3222906
3223742
3224316
3224655
3225831
3226013
3227837
3228750
3230011
3230202
3230971
3233322
3233417
3234461
3235425
3235652
3235661
3237177
3239081
3239096
3241537
3243389
3243464
3243671
3243894
3245174
3246075
3248370
3248668
3251444
3252620
3253364
3254971
3255558
3256022
3256442
3260683
3261696
3262132
3264454
3264552
3264644
3267065
3267813
3268266
3268808
3268915
3269677
3270978
3271612
3271631
3274404
3276594
3277508
3279327
3282216
3285247
3285709
3285773
3286334
3286609
3287090
3287563
3287728
3287973
3289452
3289941
3289998
3290028
3290415
3293094
3293529
3295496
3295833
3296912
3296939
3297615
3298437
3300153
3300235
3300368
3301548
3302491
3302906
3302942
3303093
3304358
3305078
3305680
3308007
3308397
3309752
3309851
3311717
3312280
3312861
3314534
3316173
3316791
3317590
3317813
3318110
3320527
3320552
3320715
3321491
3321663
3322865
3323136
3323275
3323732
3323912
3324066
3324150
3324314
3327191
3327193
3328444
3328542
3328813
3329131
3330634
3330783
3331666
3333056
3333435
3335122
3335307
3335439
3335698
3335930
3336145
3337017
3337652
3337654
3337766
3338765
3340049
3341085
3341435
3342032
3342273
3342356
3343098
3344007
3344749
3345201
3345684
3346777
3347462
3350632
3350695
3351500
3352259
3352310
3352770
3353163
3354142
3354344
3355346
3356645
3357251
3357405
3357474
3357944
3360985
3361148
3362556
3363551
3366272
3367430
3367967
3368398
3369867
3370391
3371606
3371816
3371838
3372705
3373613
3374960
3375327
3376634
3377108
3378197
3378376
3378552
3379729
3380704
3381187
3382403
3384063
3385370
3386563
3387459
3388130
3388832
3389136
3390131
3390815
3392567
3392802
3392851
3392927
3393632
3395021
3395261
3396642
3397833
3399667
3402859
3403564
3403760
3404538
3406129
3407194
3407890
3408230
3409749
3409787
3410086
3410634
3411540
3413442
3414488
3414630
3415888
3416394
3417015
3418228
3418449
3418751
3419123
3419137
3420268
3421849
3422849
3423194
3423552
3425315
3425835
3426975
3428869
3429350
3430305
3434338
3434601
3434612
3434792
3435184
3435663
3436601
3437663
3439534
3439546
3440688
3444513
3444753
3445636
3445765
3446994
3448601
3450294
3450382
3450399
3450657
3451255
3451957
3453949
3454070
3454596
3455378
3455403
3457275
3457364
3457553
3458046
3459548
3459998
3460345
3461170
3461518
3462013
3463527
3463907
3464037
3464410
3465832
3466222
3466919
3467224
3468883
3469447
3469755
3471804
3472605
3473617
3473781
3474127
3476115
3476419
3476612
3479224
3479453
3480753
3482604
3482720
3483128
3483211
3483478
3483725
3485763
3487998
3488015
3488793
3488852
3489136
3489771
3491189
3491650
3492693
3496051
3500001
3500238
3501649
3502072
3502330
3502459
3502814
3503314
3503677
3505315
3506575
3509399
3509904
3509993
3510700
3510840
3511140
3517516
3519705
3520121
3520494
3522431
3523627
3525292
3525706
3526678
3526914
3527236
3530976
3532060
3533081
3534312
3535171
3535838
3535989
3536134
3536177
3536372
3537469
3541681
3543118
3543278
3544913
3546564
3546848
3546944
3546969
3551238
3552297
3552638
3553456
3556687
3556858
3557277
3558517
3558979
3559241
3561085
3563175
3563425
3566962
3567948
3572710
3573301
3573550
3576024
3576425
3578292
3578635
3578945
3579152
3581309
3583278
3583673
3583956
3584519
3584684
3585642
3585781
3586371
3588569
3588651
3591160
3591275
3592773
3592970
3593360
3594082
3595047
3595276
3597233
3597299
3597653
3598326
3598810
3598992
3598995
3599080
3599728
3603104
3603940
3604162
3604670
3605665
3605688
3607520
3609083
3609480
3610095
3612091
3612740
3613145
3613879
3614183
3614822
3615014
3615341
3616342
3616392
3616503
3616768
3617172
3617181
3618568
3619299
3620207
3621170
3622519
3626278
3626853
3629085
3629212
3630147
3630961
3631570
3633393
3634014
3634984
3637880
3638062
3639124
3640000
3640107
3640462
3642975
3643015
3643181
3643949
3644108
3644187
3644370
3645523
3645619
3647076
3647746
3648153
3649136
3649774
3649993
3650136
3650309
3650338
3650396
3650966
3651429
3653294
3653975
3654941
3660189
3660369
3662497
3663756
3663941
3663991
3665704
3669015
3669739
3670607
3670633
3671047
3671124
3671895
3672865
3673198
3674394
3674494
3677469
3680125
3680531
3680682
3681995
3682418
3682464
3682645
3684567
3685427
3685618
3685953
3685959
3686564
3687103
3687907
3688153
3690013
3690104
3692020
3693464
3693695
3695186
3695889
3695918
3696127
3696622
3696677
3696821
3697061
3697298
3698315
3699964
3702363
3705263
3706044
3706107
3707320
3707630
3708748
3709821
3711717
3711903
3713343
3713505
3715428
3716541
3717951
3718163
3719685
3720166
3721013
3721664
3722285
3725886
3727495
3727786
3727828
3728080
3728976
3729050
3729427
3729652
3730574
3731024
3733274
3735613
3737472
3737982
3738387
3738508
3738691
3739405
3739577
3739853
3740156
3740721
3741220
3744305
3745977
3746755
3748229
3748396
3751064
3751428
3751636
3753446
3753576
3754395
3756466
3757807
3758787
3758874
3759242
3759911
3760064
3764215
3764820
3764847
3765138
3765601
3769333
3769584
3770599
3772810
3774300
3775867
3778891
3778916
3779256
3780195
3780695
3781101
3781654
3782018
3783124
3784925
3785172
3785718
3787550
3788221
3788881
3791427
3794193
3797051
3797309
3797375
3799536
3799580
3799623
3800545
3800747
3802322
3802524
3802824
3803631
3804180
3804649
3804972
3806772
3806941
3808615
3808631
3811187
3812192
3813273
3816627
3816840
3818543
3818902
3820586
3822979
3823021
3823227
3826099
3826677
3827138
3831317
3831556
3831852
3832124
3832544
3834093
3834611
3835695
3835891
3837207
3837867
3838395
3843863
3846020
3849022
3850371
3853227
3856989
3858670
3858921
3858986
3860296
3860982
3861632
3861878
3862807
3864937
3868741
3868816
3869366
3870333
3870971
3871544
3872340
3872498
3872906
3873333
3873391
3873801
3874104
3875381
3879022
3880346
3882189
3882960
3883021
3884483
3884545
3885581
3885918
3886520
3886578
3886839
3887619
3888146
3889372
3889444
3889817
3890098
3890309
3890460
3891694
3892110
3892258
3892684
3893619
3895493
3900152
3900597
3900931
3901115
3901643
3902749
3902893
3903058
3903198
3903372
3904177
3904593
3905068
3906086
3906095
3906877
3908292
3908806
3909426
3910454
3910616
3910756
3912020
3916335
3917366
3919218
3921101
3921416
3922485
3922571
3923143
3923166
3923171
3923666
3923820
3923941
3924820
3925382
3930671
3931374
3931382
3932597
3932767
3933022
3935103
3935438
3935928
3937217
3937735
3938845
3940004
3942554
3942826
3944290
3947153
3947177
3947928
3950300
3950990
3953253
3953524
3954124
3954257
3954961
3955036
3956226
3957179
3957770
3958971
3959804
3960657
3961099
3962330
3962677
3964916
3965184
3965644
3965660
3966101
3966158
3967322
3968171
3970280
3970846
3971152
3971159
3972289
3972573
3972587
3975330
3978161
3979369
3979383
3982955
3984450
3985343
3987775
3988824
3989136
3989187
3989353
3989573
3990937
3992242
3992550
3992775
3993226
3993695
3993922
3994447
3994465
3994957
3995755
3995997
3997515
3997578
3998305
3999270
4001324
4001334
4001688
4002925
4004709
4007585
4007596
4008519
4009184
4009518
4009839
4010854
4011810
4012608
4014836
4015078
4015187
4015317
4015756
4016826
4017389
4017645
4018211
4018238
4018476
4018838
4018920
4019641
4021099
4021394
4022221
4022523
4023350
4023609
4024509
4024782
4025174
4025327
4025872
4027243
4027857
4028001
4029299
4032512
4034044
4036400
4037204
4037296
4037407
4040597
4042808
4043622
4043807
4044652
4044899
4046412
4047614
4047798
4051272
4052879
4054763
4055004
4057197
4057291
4058554
4059073
4060678
4060818
4062561
4066172
4066711
4066814
4067409
4071637
4072235
4072712
4073084
4077135
4077691
4078934
4078964
4079799
4080045
4081182
4081416
4081722
4081958
4082820
4082822
4083495
4083938
4084181
4084253
4087647
4087757
4089261
4089728
4092578
4093136
4093245
4093366
4098120
4099949
4100403
4100598
4104061
4104552
4105429
4105765
4108602
4108778
4109171
4109302
4109496
4110350
4112973
4115074
4115911
4117359
4119125
4120065
4120863
4122202
4122294
4123245
4124568
4124642
4126365
4126511
4127542
4128066
4128067
4128697
4129285
4129407
4131422
4133608
4135452
4135621
4137564
4137951
4138804
4141521
4141701
4141785
4142929
4142999
4143065
4143163
4143850
4143925
4144382
4146475
4146959
4148256
4148763
4149521
4149797
4150212
4150437
4151073
4152482
4154731
4156294
4157170
4157179
4161393
4161511
4163742
4163912
4165444
4165650
4168787
4169531
4170706
4170741
4171774
4172139
4172198
4174556
4174798
4176367
4177087
4179158
4179233
4179805
4180814
4183681
4185288
4186699
4189372
4190951
4191034
4191162
4191176
4191952
4192110
4192468
4192582
4194841
4196158
4196805
4199666
4200066
4200619
4201214
4202352
4204483
4204758
4205532
4206174
4206818
4207241
4207653
4209517
4209700
4209933
4210434
4211437
4211674
4213247
4214703
4215080
4215163
4215271
4215429
4216757
4216905
4216932
4217038
4218663
4219061
4219273
4219933
4221973
4222887
4223261
4224306
4224821
4224900
4224997
4226836
4227657
4228554
4230583
4236691
4237957
4238646
4239202
4239735
4242295
4242597
4243859
4244404
4246603
4247534
4247585
4248200
4248842
4249238
4250749
4250816
4252045
4252422
4253306
4253668
4253794
4254883
4255430
4257596
4259158
4260516
4260836
4261691
4262364
4265458
4266258
4267951
4268003
4268753
4270199
4271266
4271787
4273412
4273677
4274190
4274278
4274507
4275621
4276318
4277097
4277293
4278213
4278737
4280669
4281654
4283351
4284366
4285436
4288347
4288670
4289017
4292444
4293738
4293879
4294021
4294579
4295963
4297489
4300283
4300830
4300850
4301720
4303760
4303929
4304646
4305663
4305806
4306509
4307632
4309815
4309826
4310399
4310509
4311198
4311528
4311561
4313463
4313812
4314584
4314675
4315270
4316691
4320195
4320326
4321034
4321587
4321702
4321727
4322718
4322923
4323582
4324776
4325976
4326073
4326192
4326838
4327037
4328348
4328433
4329306
4329339
4330925
4332814
4334759
4334797
4337021
4337373
4337681
4337827
4338209
4339321
4339954
4341098
4341854
4341957
4343553
4344382
4344932
4345078
4345922
4346037
4346112
4346558
4346667
4347901
4348156
4350472
4350591
4352725
4355761
4356970
4357543
4357734
4357942
4362047
4362259
4362925
4364241
4364625
4365187
4368958
4369445
4373057
4373522
4375425
4375543
4375937
4376081
4376339
4377802
4379742
4379940
4381408
4383280
4383313
4383444
4384663
4385386
4385441
4386264
4386389
4386635
4387355
4389419
4389679
4390065
4390674
4391134
4392277
4392386
4392931
4393661
4394398
4394437
4394468
4394789
4396070
4398250
4399362
4399406
4400605
4401086
4401438
4403081
4404019
4406310
4406529
4406743
4406823
4407747
4408447
4408911
4409449
4409699
4409958
4410018
4410983
4411450
4412579
4412585
4412596
4412723
4414299
4414920
4414989
4416548
4418079
4419016
4420074
4422766
4423186
4424249
4425827
4428187
4428201
4428326
4428830
4430764
4430788
4430931
4431219
4431584
4432424
4432623
4432701
4433122
4434751
4434783
4437351
4437708
4438190
4439745
4439866
4440378
4440519
4443084
4443968
4444549
4444748
4445019
4446027
4446634
4447192
4447845
4448872
4450846
4451500
4452024
4453724
4453866
4454199
4454500
4454793
4455009
4455357
4456631
4457781
4458298
4458373
4460205
4462543
4462902
4462942
4463336
4464154
4465023
4465229
4465473
4467127
4467278
4467406
4467676
4467678
4468730
4468834
4469247
4470884
4471334
4472014
4472521
4474335
4476563
4476991
4478022
4478843
4479181
4479658
4480738
4481599
4482250
4482650
4483479
4485228
4485775
4487761
4489673
4491113
4491490
4492159
4492665
4493117
4493303
4494219
4494270
4494734
4495245
4497451
4498842
4499286
4499628
4500354
4501553
4501628
4503392
4504378
4504552
4506332
4506787
4506817
4507643
4507917
4508228
4508389
4508472
4510391
4511154
4512081
4513996
4514710
4515552
4517372
4517523
4517602
4518402
4519974
4520017
4521783
4522192
4522926
4523140
4524607
4526115
4529002
4529294
4529683
4530095
4530131
4531489
4532562
4533193
4533444
4533508
4535384
4535644
4536637
4536902
4538625
4538811
4538930
4538943
4540589
4540771
4541541
4541855
4542144
4543691
4545806
4547400
4547473
4548132
4548743
4549109
4550185
4550320
4551391
4552106
4554367
4556605
4557657
4558790
4559052
4559171
4559448
4559493
4560919
4561038
4562487
4563413
4563890
4564267
4566390
4567099
4568265
4570399
4571083
4571582
4572012
4572962
4573239
4574682
4574711
4574806
4575975
4576666
4577260
4578767
4579427
4580042
4580532
4583774
4584334
4584506
4585552
4586523
4587244
4587914
4587990
4588653
4589872
4591101
4591447
4591465
4592665
4592708
4592830
4595158
4595875
4597667
4599127
4599197
4599488
4599869
4600024
4600401
4603067
4603089
4603218
4603642
4607170
4607175
4610327
4611183
4612244
4612626
4615991
4616784
4617585
4617665
4621067
4621661
4622141
4622730
4622917
4623149
4625172
4625595
4625842
4630280
4630842
4631017
4631131
4631999
4633709
4634773
4635130
4636965
4638901
4639677
4640105
4640942
4640958
4640973
4641301
4641324
4643191
4643234
4643287
4644081
4644293
4645988
4648322
4650822
4651349
4651394
4651596
4651791
4652132
4655365
4656030
4656462
4656741
4657814
4658681
4658683
4658860
4660863
4663405
4664344
4665055
4665135
4666195
4666401
4666860
4669927
4670858
4670981
4672305
4672907
4673046
4674031
4676088
4676358
4676518
4677324
4677606
4677681
4678703
4679026
4679041
4679383
4679500
4679980
4680016
4680156
4681367
4682172
4683473
4684429
4685137
4685164
4686339
4686666
4686911
4687394
4687642
4688374
4689168
4689889
4690457
4690546
4690871
4691892
4692789
4693144
4693374
4698852
4700252
4702702
4702926
4702982
4704659
4704785
4709065
4709951
4710091
4710484
4711765
4713309
4714049
4714840
4716390
4716498
4717418
4719830
4720027
4720169
4720860
4721106
4724152
4730624
4732889
4732915
4734746
4734871
4736151
4737621
4739278
4739449
4740310
4740415
4741671
4742198
4745464
4745604
4746428
4748732
4749297
4750448
4752361
4752734
4755431
4756003
4756095
4756128
4756152
4757080
4759530
4759830
4759966
4760930
4760943
4762131
4762172
4762822
4763030
4764505
4764805
4765180
4765188
4767763
4769599
4770118
4772525
4773281
4773676
4775659
4775713
4775784
4776193
4777051
4779896
4780978
4781357
4782229
4783137
4784026
4785040
4785715
4786218
4787891
4788686
4790182
4790877
4791708
4792215
4792326
4793277
4793838
4794840
4795666
4795858
4797880
4798714
4799327
4802224
4802748
4804133
4804582
4804715
4806047
4810245
4812248
4812639
4814650
4816430
4816495
4816584
4816682
4818959
4823169
4823694
4824363
4824405
4824710
4825441
4826342
4828343
4828706
4834181
4834190
4836046
4836146
4837381
4838599
4840002
4842194
4842888
4843793
4844108
4844274
4845616
4846993
4849091
4849123
4849774
4849832
4850418
4851255
4851558
4851977
4852743
4853296
4853716
4853736
4856710
4857598
4858098
4858157
4859441
4859496
4862749
4864433
4864539
4865130
4867645
4867658
4869353
4870445
4871678
4873639
4874116
4874968
4875577
4876313
4877505
4878959
4880134
4880449
4880918
4881936
4882442
4882851
4884332
4888941
4889077
4891020
4892549
4893140
4893224
4893470
4895998
4896787
4897247
4898335
4901495
4904296
4904311
4904313
4904707
4906226
4906234
4907539
4908479
4908991
4909315
4909908
4910986
4911827
4912872
4913083
4914714
4916589
4916955
4918091
4918342
4918999
4919622
4919795
4919937
4920113
4920802
4921901
4923911
4924125
4924724
4924960
4925423
4925423
4925473
4925873
4926880
4927278
4927494
4928542
4930258
4931162
4932094
4933178
4933434
4934791
4934956
4935215
4936214
4937732
4938089
4938517
4940389
4940510
4940907
4942981
4943138
4943476
4943606
4946262
4946730
4947553
4948230
4949990
4950116
4951047
4951698
4952374
4954234
4956133
4956678
4956857
4957362
4959292
4960440
4960552
4961776
4962192
4963150
4963466
4963910
4966036
4967518
4967814
4967829
4967865
4975016
4976903
4977276
4977534
4981795
4981974
4983079
4983924
4984383
4984633
4986516
4988402
4990409
4990415
4992306
4992620
4992711
4994994
4995692
4996279
4997398
4998045
4998627
4999119
4999797
5000384
5000473
5003397
5003697
5003820
5004420
5005228
5005328
5005500
5007459
5007745
5008827
5009097
5009603
5009827
5009838
5010780
5011513
5012212
5015543
5016271
5017630
5017666
5018632
5021296
5021327
5021718
5021776
5022788
5023405
5024022
5024944
5025196
5025200
5026037
5026541
5027000
5027464
5030209
5030462
5031528
5032590
5035125
5037957
5042603
5042703
5044927
5045487
5046079
5046586
5047570
5048518
5049864
5050657
5051051
5054821
5058018
5058257
5058548
5058677
5058911
5059059
5060895
5061104
5062038
5063982
5064721
5065684
5065920
5066473
5067629
5067739
5068291
5068627
5069987
5070095
5071498
5072708
5072738
5073552
5074049
5076000
5076622
5076854
5077131
5077776
5078030
5078566
5080348
5085696
5085902
5088362
5088988
5089499
5089835
5090306
5091035
5091505
5091603
5091632
5092681
5092730
5092866
5093598
5094625
5094741
5095747
5095813
5096823
5096870
5096983
5097032
5097411
5099007
5099308
5099504
5100581
5101006
5102649
5102856
5102875
5103662
5106228
5106715
5107624
5107773
5108261
5110398
5110653
5113883
5113984
5114342
5115120
5115132
5115570
5116469
5116647
5117362
5118099
5119107
5119435
5120730
5121357
5121976
5122052
5122258
5122759
5122832
5124973
5126556
5127002
5127687
5130368
5130473
5130715
5131366
5132013
5134237
5135353
5136443
5137281
5137398
5138695
5138885
5139558
5140030
5141618
5142078
5143231
5143863
5144534
5145455
5145522
5146286
5146825
5147071
5147319
5147810
5148238
5149460
5152567
5153466
5154084
5154450
5155239
5155346
5156281
5156977
5158487
5158736
5159173
5160999
5162543
5162958
5163094
5163883
5165977
5166526
5168250
5169417
5171268
5172739
5173313
5173721
5175054
5175306
5175365
5175430
5176278
5178904
5179457
5180045
5180873
5181190
5181573
5182490
5182620
5182680
5182728
5183102
5183908
5184638
5185728
5186413
5187175
5187939
5188402
5188632
5189447
5190185
5191532
5192118
5192208
5192356
5193875
5194633
5195413
5195989
5196590
5198616
5198956
5199697
5200868
5200872
5201018
5202136
5202591
5202774
5205025
5205896
5207490
5208683
5209561
5210029
5211188
5211555
5213053
5215364
5216052
5216261
5216446
5218310
5220307
5222099
5222252
5224248
5224251
5227587
5227977
5228713
5229604
5231836
5232220
5233627
5233837
5234262
5234760
5235994
5236243
5236559
5237366
5237748
5238149
5238723
5239290
5240508
5240946
5241950
5241991
5242468
5242827
5242994
5245145
5245446
5248717
5249129
5249183
5249627
5251376
5251947
5252053
5252224
5255441
5256524
5258090
5258331
5260460
5260911
5261106
5263448
5265521
5268333
5268968
5271749
5271831
5273180
5273241
5273357
5275019
5275156
5275940
5277021
5277067
5278692
5279227
5279389
5280678
5281781
5282457
5283736
5284498
5284544
5285192
5285287
5285526
5285923
5286509
5286522
5288374
5288988
5289076
5289325
5289605
5290537
5290575
5292179
5292205
5293253
5295273
5295610
5296591
5297180
5300053
5300663
5301776
5304097
5305097
5305271
5305397
5307084
5307154
5307456
5308178
5309327
5310420
5313661
5314456
5318438
5318931
5321314
5322065
5322207
5323228
5324301
5324548
5325256
5327910
5332930
5334419
5334467
5335496
5336126
5337429
5342385
5343016
5343235
5344086
5344427
5344865
5346714
5346736
5348975
5349730
5350485
5352162
5353395
5353709
5354116
5354120
5354893
5354995
5355328
5355965
5359612
5360015
5361542
5362022
5363140
5363514
5363670
5365322
5365729
5368400
5368704
5370472
5371262
5372600
5373076
5373257
5374182
5377323
5377326
5377869
5379106
5379550
5381013
5381365
5382158
5382445
5382452
5384434
5386104
5386811
5386962
5387802
5387969
5388784
5389226
5390235
5390984
5391288
5392423
5393341
5393345
5395397
5395743
5396041
5396202
5396294
5396420
5397637
5398381
5398501
5398656
5399549
5399864
5400413
5400810
5401025
5402487
5405091
5405903
5406036
5406244
5406815
5407010
5407549
5407859
5408999
5410244
5410593
5412666
5414406
5416208
5416586
5417770
5417913
5418273
5419291
5419613
5420651
5420690
5422495
5422801
5423496
5425140
5426373
5426659
5428487
5431551
5431885
5432001
5434229
5435037
5436231
5436354
5436619
5439980
5440287
5440325
5440915
5441544
5441997
5442260
5443612
5445173
5445269
5447247
5448824
5453653
5453667
5454868
5456028
5456623
5458697
5459190
5459733
5460053
5460967
5461416
5462505
5462685
5462720
5464352
5468665
5469841
5469899
5469913
5469962
5470215
5470407
5472265
5472353
5472945
5473589
5475447
5476915
5476973
5477271
5477516
5478061
5478086
5478423
5479642
5481539
5481941
5483511
5483844
5484994
5485473
5487425
5492371
5493861
5494577
5495069
5495572
5495698
5495931
5496501
5497376
5499467
5499974
5503320
5505311
5509182
5509871
5511543
5512847
5513466
5513957
5514669
5514704
5515010
5516237
5517030
5517408
5517516
5517533
5518141
5520670
5521074
5522618
5523195
5523908
5525555
5526909
5527235
5527823
5527834
5528057
5528274
5532599
5532684
5533527
5535763
5538719
5538782
5540418
5540981
5541585
5542204
5544170
5544403
5546235
5547595
5550320
5551408
5551852
5552316
5552352
5552973
5555725
5556033
5556292
5556450
5556553
5556936
5557360
5558925
5559253
5560514
5562381
5563559
5563699
5565749
5566575
5567142
5567357
5570565
5571682
5572120
5573365
5574188
5575912
5577606
5578079
5578907
5580127
5580594
5580705
5580780
5580861
5582217
5582761
5583288
5584158
5586239
5586466
5587510
5587703
5587729
5590058
5590697
5591032
5591588
5591800
5592154
5592241
5592309
5592381
5593396
5594679
5594957
5595179
5595275
5595984
5596554
5596829
5597611
5597733
5599983
5602865
5602871
5604198
5604721
5605193
5605533
5605975
5607479
5607520
5607654
5607934
5609162
5609190
5610494
5611143
5612361
5613734
5614298
5614590
5614708
5615141
5615294
5615377
5618388
5618753
5619038
5619518
5619669
5621680
5621781
5624791
5624870
5627323
5627591
5628107
5628148
5628282
5628609
5628664
5629273
5631114
5632487
5632691
5632824
5635160
5635282
5635619
5636505
5637127
5637306
5637887
5638105
5639672
5640512
5641191
5641538
5641989
5642260
5643289
5643965
5644870
5645464
5645706
5645726
5646010
5646361
5647215
5647530
5649585
5649715
5650980
5652765
5652773
5653321
5654317
5656179
5656707
5657254
5659391
5659709
5659961
5661903
5664652
5666199
5666381
5666564
5666589
5670561
5673802
5678781
5681426
5683418
5683462
5686774
5686949
5687798
5688949
5688966
5690307
5690803
5690915
5691058
5691222
5691226
5691629
5692708
5693030
5695430
5696461
5696756
5700388
5703424
5705926
5707220
5707562
5707816
5707902
5708078
5709469
5709771
5711331
5711946
5712223
5712991
5713247
5713262
5714509
5715647
5716038
5716141
5717072
5717614
5718057
5718830
5718945
5719367
5720229
5721432
5722850
5725787
5725923
5728655
5729482
5730315
5730539
5730808
5731774
5731862
5733309
5735454
5736703
5737698
5737814
5738118
5738931
5738934
5739180
5739373
5740022
5740160
5741344
5742053
5742983
5743432
5744267
5744473
5747996
5748857
5749295
5749689
5750400
5751667
5752982
5753381
5754329
5756694
5757113
5757383
5758821
5759625
5760073
5763536
5763612
5764577
5764605
5766631
5768283
5769175
5769302
5770571
5771608
5771615
5773454
5774491
5774541
5775035
5775519
5776401
5778910
5782937
5783953
5784427
5785611
5786605
5787330
5788899
5789486
5791400
5793857
5793965
5795758
5797309
5798240
5799069
5799323
5801985
5803124
5804018
5804045
5804066
5805426
5806396
5807441
5807737
5807776
5808055
5808715
5808785
5808874
5810421
5812499
5813578
5814963
5817404
5818095
5819798
5819841
5821312
5824217
5826581
5830196
5831249
5831333
5832433
5832466
5833736
5835165
5835778
5838783
5841774
5841781
5842126
5842955
5843011
5844175
5844628
5845678
5846980
5848769
5850018
5850865
5851444
5852242
5852569
5852649
5852861
5856134
5858041
5858312
5858942
5859766
5860849
5863028
5863120
5863221
5866145
5866272
5867336
5869799
5870325
5872841
5874712
5875425
5877340
5877403
5878672
5879341
5880811
5880861
5881378
5881446
5882372
5882392
5882994
5883062
5883228
5885401
5885892
5888885
5888943
5889447
5889535
5890307
5891586
5891874
5892113
5892883
5893655
5893706
5895487
5895885
5897767
5898485
5900418
5900567
5901619
5901711
5902322
5903011
5904212
5905559
5905782
5906427
5908023
5908559
5908987
5909401
5909914
5910909
5911206
5911720
5912191
5912264
5913045
5913732
5914201
5915133
5915675
5916310
5916429
5918629
5918750
5919551
5919834
5920431
5922527
5924615
5926076
5926335
5926905
5926989
5927686
5928093
5932754
5933472
5933622
5934797
5936013
5936667
5937355
5939689
5941174
5943405
5947345
5948540
5955423
5955694
5955886
5959001
5960494
5962485
5963515
5964539
5965573
5965729
5966421
5966969
5967211
5969651
5970433
5970536
5971468
5973187
5978201
5980234
5980904
5981713
5982274
5983106
5983291
5983765
5985109
5990325
5991227
5994143
5994245
5994503
5996691
5997011
5997202
5997653
5997669
5997763
5998139
5999993
6000048
6001294
6002476
6004041
6004134
6004308
6005326
6005657
6006924
6010661
6011005
6012248
6012292
6012973
6013754
6015226
6015283
6015412
6015560
6016013
6016261
6016359
6019243
6019532
6020317
6020754
6021962
6022504
6022513
6024460
6024634
6025143
6025278
6025400
6025922
6026209
6026677
6027908
6029612
6030087
6032560
6033262
6034855
6035210
6037735
6037916
6039182
6039556
6040578
6042427
6042494
6045062
6045076
6048940
6049264
6050202
6052084
6052101
6053102
6053231
6053613
6054740
6054911
6055438
6055697
6056336
6056827
6061326
6061449
6064457
6064900
6065693
6065779
6068524
6068914
6069179
6069875
6069899
6069900
6070148
6070529
6070801
6070839
6071166
6073173
6073734
6074607
6075665
6075815
6076033
6077394
6080341
6081667
6082752
6083467
6084007
6084948
6087897
6089477
6092303
6092833
6093324
6093754
6094601
6094920
6095513
6097651
6099090
6099392
6100467
6100864
6101860
6103069
6103071
6103736
6104977
6106748
6107538
6107959
6109742
6110546
6111020
6113531
6114379
6116170
6117012
6117198
6117495
6118500
6119478
6120646
6120743
6120912
6122123
6125572
6126646
6127044
6131988
6134490
6135009
6135543
6136075
6137003
6137578
6138038
6139004
6140107
6140364
6140890
6142502
6142893
6142979
6143620
6144152
6144816
6145544
6146571
6146764
6146950
6147194
6147458
6147698
6148798
6149302
6150780
6151686
6152929
6154057
6158028
6159733
6160198
6162446
6165937
6165982
6167071
6167878
6168718
6169426
6169629
6170320
6170361
6171768
6172907
6173345
6173442
6173895
6173926
6173954
6175990
6176310
6176431
6176512
6178922
6179886
6180825
6181761
6182649
6183647
6184757
6185618
6188544
6188811
6190647
6191270
6191647
6191825
6192497
6192896
6194403
6194857
6194916
6196786
6196798
6199262
6201029
6201218
6201230
6201587
6202869
6204468
6205520
6205693
6206730
6206731
6207128
6207237
6207287
6211684
6212494
6215527
6215749
6216506
6217537
6219733
6219752
6220656
6221208
6221536
6221711
6222770
6223283
6224829
6225364
6225448
6226859
6227707
6230207
6230794
6231152
6233174
6234051
6235947
6236477
6238649
6239182
6240736
6241495
6241678
6242099
6242548
6242606
6244056
6244219
6248116
6248976
6250172
6250992
6251514
6251865
6252262
6256162
6257032
6258851
6258981
6259027
6259657
6260005
6260208
6260650
6261834
6264637
6265279
6266014
6267468
6268438
6269379
6270777
6271676
6272093
6272511
6272970
6274346
6275631
6277067
6277631
6278338
6279538
6279744
6282673
6283306
6284848
6285989
6286101
6286618
6286685
6287089
6287253
6288615
6289231
6290057
6290556
6290968
6292414
6293285
6293417
6294064
6295242
6295665
6297269
6298846
6299113
6299784
6301087
6301188
6301482
6302863
6303686
6304112
6304247
6304519
6306813
6307545
6308597
6309313
6309850
6310601
6310753
6310961
6311364
6313924
6314320
6315509
6316209
6316797
6321161
6322352
6322624
6322668
6323267
6327659
6329675
6330154
6334037
6335405
6335790
6336391
6337313
6337797
6337922
6338866
6339427
6339493
6340114
6340360
6340379
6340446
6340485
6340941
6341283
6342272
6342381
6342684
6342836
6346709
6347688
6347889
6349483
6349496
6349729
6350297
6352544
6358123
6358665
6360004
6360030
6360534
6360865
6361029
6361062
6361743
6363046
6365225
6366007
6368381
6368384
6368915
6369708
6370009
6370420
6370846
6370996
6371636
6372577
6372753
6372789
6372813
6373561
6374605
6375622
6376806
6377176
6377639
6378178
6378235
6380101
6382677
6383655
6384308
6384784
6384934
6385222
6385312
6385806
6387206
6389095
6389639
6390062
6390069
6391335
6392187
6395455
6396287
6396585
6397588
6397659
6397779
6398916
6399708
6400107
6401075
6402686
6403707
6404312
6404555
6404669
6405457
6406326
6406391
6407645
6407991
6408938
6409090
6409462
6409667
6409897
6409925
6410713
6411178
6412573
6412603
6413318
6415798
6417038
6417139
6417609
6419232
6420963
6421451
6421942
6422509
6423468
6423881
6424020
6424683
6424824
6425313
6426377
6427726
6428247
6428448
6429044
6430155
6430813
6430821
6430853
6431480
6432724
6433342
6435716
6436697
6437348
6437424
6437526
6437825
6438229
6439157
6439350
6439451
6439477
6439830
6440251
6440545
6443772
6444462
6445555
6445727
6446490
6448181
6449010
6449450
6449630
6449948
6450491
6455215
6456354
6456369
6456552
6457039
6457266
6457466
6457493
6458353
6458765
6461302
6461425
6463436
6464463
6465154
6465190
6466592
6467221
6467705
6468333
6468975
6470629
6472048
6472888
6473612
6473691
6473804
6475137
6476439
6476669
6476975
6477145
6478160
6480561
6481766
6481964
6482006
6484393
6485036
6485377
6485768
6485852
6488532
6490245
6491045
6491295
6491550
6492795
6493619
6493826
6496164
6496200
6496214
6502709
6504046
6504830
6504953
6505977
6509061
6509922
6510791
6511546
6512639
6512654
6513073
6513525
6514216
6514555
6516042
6516212
6517413
6518865
6519998
6520115
6520372
6520671
6521245
6521690
6521990
6522797
6523323
6523668
6524179
6524716
6525154
6525851
6526029
6526922
6527313
6528021
6529472
6531243
6531674
6531956
6532888
6533736
6534240
6534699
6534705
6535048
6535540
6535683
6538075
6540534
6542880
6544484
6546002
6546328
6546368
6546393
6547194
6548906
6549531
6549922
6550230
6550976
6551255
6552070
6552238
6552687
6553229
6553814
6554514
6556511
6557424
6558508
6559974
6563881
6564482
6566835
6567438
6568395
6569788
6570774
6572990
6573818
6577687
6577925
6578001
6579411
6579570
6579607
6579840
6580479
6581724
6581953
6581971
6582171
6583110
6583223
6583656
6587783
6587837
6588033
6588791
6589263
6589997
6590319
6590757
6591246
6591564
6594070
6595411
6596594
6598381
6600358
6600742
6600959
6601193
6601355
6602388
6602526
6602932
6603421
6605099
6605404
6606550
6607588
6607728
6607776
6608904
6609723
6611025
6611032
6614198
6615209
6616380
6618571
6619334
6619597
6620240
6620361
6621026
6621367
6624970
6625631
6626385
6627083
6628014
6628597
6628665
6629047
6629328
6629603
6630248
6631259
6636853
6636964
6637025
6638357
6640364
6643308
6643716
6646105
6647998
6648490
6648591
6648904
6649168
6650315
6650976
6652253
6653463
6655033
6655424
6655470
6657527
6658266
6658695
6662194
6662321
6662773
6663061
6663202
6663396
6664114
6664809
6665426
6665572
6666248
6666399
6668501
6670995
6671453
6672398
6672735
6674737
6675004
6675048
6677574
6678199
6681668
6683025
6683648
6683798
6684470
6684976
6685762
6688617
6689695
6689797
6690118
6690915
6692420
6696311
6696665
6696796
6697549
6698068
6698428
6699052
6699208
6699554
6700324
6700754
6701563
6702647
6702988
6703221
6703303
6704062
6704133
6705004
6705509
6706127
6706190
6710492
6711347
6711354
6711944
6713488
6713990
6714804
6714958
6715010
6715828
6716456
6719010
6722110
6722413
6722985
6724130
6724616
6724830
6725009
6725103
6725354
6727618
6727795
6730610
6731905
6732030
6732503
6733996
6734670
6735336
6736776
6738612
6738830
6740920
6741159
6742306
6742559
6742979
6743702
6744451
6745623
6746639
6746883
6747304
6747574
6748241
6748679
6748928
6748928
6749943
6752484
6754085
6754102
6756747
6757801
6757904
6758092
6759368
6761748
6761853
6762616
6764513
6764569
6766019
6768214
6768450
6769145
6769241
6769704
6769921
6770869
6771100
6771367
6772325
6772330
6772488
6772556
6776179
6776331
6781922
6781968
6782369
6783891
6784169
6784220
6787265
6788802
6790473
6791078
6791434
6791931
6794047
6794685
6795080
6795566
6796928
6797452
6797486
6797649
6797724
6797806
6798817
6799425
6799804
6800228
6801480
6802495
6802678
6802785
6803755
6804863
6806727
6806947
6807686
6807741
6811081
6811165
6812086
6812088
6812194
6812307
6812491
6813874
6814050
6818316
6818820
6819360
6819944
6820438
6821245
6821356
6821839
6822252
6822533
6822694
6823472
6824003
6824020
6825068
6825369
6827288
6827575
6828735
6829640
6833275
6834347
6834666
6835149
6835246
6836682
6837467
6841031
6841329
6842538
6846333
6846982
6847368
6848693
6848997
6850786
6850945
6852356
6852537
6853432
6853845
6854588
6855445
6858005
6858223
6858719
6858752
6859001
6860706
6861153
6862301
6863081
6864801
6864819
6867077
6868020
6868361
6870899
6870904
6871021
6871239
6871742
6872375
6872788
6876179
6876303
6878493
6878719
6878829
6879158
6879527
6880307
6882078
6882453
6882511
6882820
6883200
6883802
6883971
6886037
6886382
6886614
6889972
6890808
6891628
6892189
6895820
6896170
6898255
6898908
6902137
6902902
6903283
6903905
6903922
6904462
6905697
6907568
6907662
6908166
6908382
6908993
6909900
6910141
6911834
6912501
6912749
6913882
6914925
6916834
6917163
6918221
6920170
6923163
6923391
6923868
6924910
6927803
6928481
6928650
6929139
6929376
6929989
6930514
6930543
6932924
6933942
6934901
6935950
6937453
6937457
6937950
6940570
6940680
6940715
6942564
6942979
6943055
6943947
6945433
6946414
6946769
6947580
6950017
6951110
6952174
6953374
6953444
6953532
6954072
6954202
6954690
6954814
6956586
6956825
6957699
6957906
6958141
6959142
6959308
6960113
6960537
6961061
6961392
6961758
6963562
6964818
6965296
6965629
6966573
6969567
6970807
6971071
6972039
6974788
6974803
6975656
6978727
6978886
6980005
6981191
6982352
6982835
6984351
6985354
6986956
6987173
6988219
6990647
6990650
6992267
6992362
6992503
6992943
6993034
6993342
6993560
6994794
6994987
6995050
6996355
6996464
6996479
6998585
6999604
7000738
7000750
7002960
7003969
7004580
7004797
7006281
7006665
7006867
7007327
7008636
7009366
7010658
7012315
7015746
7019568
7019971
7020354
7020749
7021580
7021928
7022264
7022908
7023725
7023762
7024080
7024687
7025260
7025396
7025507
7026138
7026242
7027608
7027687
7028980
7029309
7029620
7030747
7031362
7031742
7032638
7032689
7033494
7034223
7037011
7038614
7038790
7041184
7041244
7041398
7042428
7042609
7042804
7044169
7045646
7045720
7046146
7046220
7047275
7047463
7047475
7050635
7052174
7052665
7052665
7053759
7054069
7054252
7055736
7057127
7057477
7058130
7059655
7060933
7061160
7061816
7062160
7062295
7063059
7063772
7064105
7064343
7064877
7065185
7065304
7066668
7068381
7069854
7070328
7070418
7071232
7072450
7072641
7072765
7075048
7078121
7080557
7080594
7081215
7081893
7082309
7083707
7084491
7085131
7085274
7085375
7086170
7086662
7088533
7090359
7090806
7090915
7091162
7092559
7093292
7093539
7093830
7095633
7096223
7096384
7096495
7097135
7098543
7099643
7099914
7100073
7100825
7101159
7101688
7106225
7108135
7108627
7108858
7109037
7109224
7110275
7113972
7114537
7116784
7117050
7117186
7117983
7118584
7120356
7120970
7123879
7123965
7124302
7126571
7127284
7127535
7127706
7127829
7129491
7129730
7129793
7129943
7130731
7130853
7131356
7131613
7135580
7137664
7137847
7138310
7138975
7139965
7140451
7140807
7141223
7141471
7143018
7143130
7144391
7144704
7145046
7145957
7146782
7148650
7149192
7150047
7151059
7151583
7151674
7154340
7156115
7158598
7158807
7159867
7159957
7161471
7162014
7162938
7163401
7163510
7163700
7164713
7164945
7164954
7167011
7167124
7167186
7167226
7167448
7167542
7167995
7168728
7168928
7170092
7170142
7170580
7170910
7171958
7172690
7173482
7173561
7173664
7176100
7176234
7178584
7178634
7178783
7179518
7179926
7180990
7181987
7182310
7182406
7184454
7185058
7186578
7186995
7188733
7189790
7190106
7191243
7192156
7193107
7194778
7195142
7195487
7198607
7199516
7199546
7200729
7201460
7202354
7202445
7202470
7203023
7205414
7206201
7206251
7207268
7210375
7210539
7210875
7210949
7211430
7212736
7214266
7215228
7217875
7217962
7217965
7218283
7218421
7219042
7219562
7219919
7221550
7221999
7224174
7225984
7226117
7228272
7228346
7228505
7229245
7230304
7230735
7231232
7231302
7231642
7231931
7233243
7233619
7234437
7234861
7234872
7235106
7235183
7235572
7235890
7236127
7237412
7238497
7239304
7239953
7240002
7241998
7242118
7242254
7242365
7243436
7246570
7246640
7247140
7248043
7249286
7249357
7250048
7252768
7253178
7253210
7254956
7257009
7257141
7257807
7258037
7260523
7261985
7262716
7263417
7264493
7266143
7267506
7267990
7268577
7270191
7271024
7272100
7272491
7273424
7274067
7275283
7275338
7276531
7277168
7278016
7278090
7278766
7279502
7279533
7280330
7281316
7281531
7281948
7284161
7284433
7284560
7285056
7285731
7285772
7286359
7287594
7289827
7289927
7290425
7293487
7293882
7294057
7294071
7294671
7295927
7297687
7299223
7300494
7300721
7300986
7301307
7301344
7301800
7302811
7304003
7304782
7304917
7305191
7306953
7307677
7309468
7311366
7311662
7315154
7315907
7316104
7317571
7318036
7318215
7319961
7320145
7321458
7321470
7322569
7323251
7323732
7324895
7325240
7326565
7326737
7326786
7327297
7330846
7332839
7333206
7335879
7336463
7336470
7337348
7337645
7340652
7343405
7345019
7345610
7347267
7348724
7350279
7350876
7350992
7353214
7357856
7358747
7359348
7359874
7361927
7363158
7364358
7365051
7365611
7365632
7366693
7367210
7368408
7368689
7369387
7373130
7374119
7374263
7374918
7375562
7376061
7376812
7377682
7379267
7379581
7380508
7380811
7381007
7381786
7382570
7383058
7386292
7387144
7387379
7387827
7389175
7389784
7391081
7391513
7393076
7393308
7395399
7395742
7397996
7398412
7399593
7399667
7401693
7402656
7404665
7404995
7405195
7405208
7406247
7406276
7409540
7409730
7410325
7412135
7412235
7412895
7412929
7413142
7414578
7414896
7416876
7417208
7417219
7418248
7418365
7420807
7420880
7421643
7421769
7422128
7422572
7424503
7424994
7425107
7425125
7427421
7427802
7428030
7428853
7428873
7429191
7429694
7429960
7430310
7430350
7431126
7431384
7431652
7432463
7433176
7436034
7436648
7437491
7437576
7437827
7438565
7439353
7439825
7439836
7440770
7440791
7442404
7443161
7443257
7443537
7444024
7445372
7445566
7446436
7447657
7447802
7447816
7449117
7449222
7449645
7450100
7452175
7453904
7456246
7456913
7457329
7459230
7459435
7461068
7462974
7463712
7464867
7466808
7467182
7467271
7467605
7468616
7469451
7471809
7472174
7473322
7474785
7475718
7476096
7476573
7476735
7476787
7479522
7481163
7482835
7483757
7484068
7484415
7484463
7484560
7485777
7487418
7490661
7492149
7492938
7494184
7495593
7496979
7498961
7500179
7502485
7502673
7503309
7504212
7504671
7505947
7506532
7506596
7507773
7508370
7508963
7510646
7511165
7512300
7513711
7515234
7517595
7517971
7520104
7520610
7521563
7521722
7522622
7522898
7522982
7523747
7524402
7524524
7527979
7528793
7529894
7530440
7531243
7531520
7532395
7532870
7533889
7538573
7538931
7539681
7540709
7540797
7540890
7545022
7546963
7548150
7548688
7549185
7550538
7552307
7554645
7556243
7556660
7557281
7557861
7558346
7558384
7558625
7560922
7561349
7562597
7562605
7569108
7569534
7570879
7571272
7571470
7571770
7572454
7573118
7575387
7576020
7576101
7577354
7578459
7578579
7581579
7582321
7582389
7583159
7587644
7590894
7591128
7592035
7592391
7593089
7593486
7593504
7594077
7597264
7598526
7599062
7600268
7601243
7601770
7602866
7603644
7603779
7603826
7605448
7605922
7606515
7606711
7606840
7609539
7610277
7612980
7613017
7613576
7613675
7613845
7614069
7614631
7615003
7615050
7615954
7616806
7616944
7617387
7618346
7618375
7618457
7620244
7621686
7623978
7624303
7624502
7624597
7624899
7625746
7626168
7626280
7627340
7628148
7628288
7628560
7629046
7631598
7631701
7632750
7633035
7633409
7633790
7635454
7636859
7637047
7638745
7639586
7640260
7641291
7644859
7645293
7646705
7648300
7648394
7648601
7649353
7650967
7651011
7651745
7652793
7653414
7654673
7654824
7654876
7657414
7657706
7658478
7663049
7664553
7664999
7665467
7665585
7668181
7668244
7670480
7671492
7671722
7671926
7672315
7673027
7674586
7677505
7678749
7680232
7680686
7681533
7683254
7683659
7686300
7686410
7687601
7688914
7689410
7689495
7689705
7689960
7690187
7691393
7692827
7692898
7694421
7696847
7698930
7699592
7701902
7702656
7702980
7703039
7703252
7705180
7705322
7705434
7707274
7710935
7716240
7716373
7716465
7717939
7718599
7719167
7719624
7720588
7721348
7721373
7721541
7721605
7721878
7722290
7722594
7722980
7723242
7723705
7726286
7726340
7726758
7729357
7730606
7730980
7731125
7732385
7732937
7733100
7733302
7734309
7735152
7735154
7736397
7741494
7741939
7743239
7744198
7745679
7746448
7746799
7747117
7747668
7748376
7748630
7749483
7749878
7750172
7750719
7752652
7753384
7753393
7754183
7754810
7755724
7755964
7756359
7756667
7759344
7760395
7760750
7763104
7763323
7764547
7766680
7768426
7768970
7770454
7771299
7772063
7772357
7772402
7774271
7774699
7775595
7776476
7778124
7778154
7778245
7780839
7780847
7781379
7783799
7785090
7785530
7786022
7786863
7789091
7789213
7791517
7792898
7793030
7796150
7796609
7796806
7797629
7798880
7799361
7800562
7800936
7801623
7803443
7804358
7804621
7804799
7806316
7806341
7807480
7807617
7808410
7808949
7808960
7809160
7809344
7811477
7811575
7815309
7816192
7816356
7818779
7818926
7819160
7820414
7820498
7824192
7824305
7824611
7825091
7828106
7828684
7829676
7830182
7830661
7830826
7831462
7832374
7833738
7834184
7836137
7836688
7838299
7838326
7839464
7839515
7839615
7839829
7840238
7840432
7840614
7841256
7843236
7845785
7847109
7847725
7847841
7851032
7851649
7852390
7853894
7857134
7857385
7858213
7860338
7860536
7861309
7862666
7863659
7863723
7864913
7865434
7866717
7867034
7867299
7867490
7868029
7868133
7868657
7869612
7871235
7872079
7875680
7875724
7875879
7876602
7877082
7878955
7881266
7881953
7883374
7884189
7884906
7886817
7887169
7889175
7891523
7894513
7894742
7895110
7895198
7897956
7898335
7899836
7900709
7900885
7901468
7903019
7903276
7904374
7906788
7908100
7908908
7909529
7911422
7911794
7912635
7915516
7915670
7917215
7917585
7917877
7917994
7918118
7918934
7919583
7920215
7921558
7921964
7922493
7922633
7923124
7923884
7925217
7925441
7927502
7928163
7928324
7929574
7929677
7930486
7931921
7932726
7933517
7933660
7933893
7934197
7934808
7935014
7935349
7935735
7936322
7936611
7936666
7940366
7942687
7945164
7945445
7946717
7947167
7947430
7947830
7947951
7948342
7949949
7950118
7951850
7954303
7954766
7955102
7956307
7957108
7957672
7958936
7960261
7961928
7963316
7965213
7968179
7969528
7971327
7971708
7971744
7972982
7973829
7974680
7975958
7978158
7978931
7979378
7980842
7982744
7983487
7983763
7984864
7986869
7988583
7988660
7989411
7990030
7990239
7990670
7990672
7992497
7992979
7994638
7995695
7997778
7997795
8000696
8000723
8001509
8002537
8004359
8005136
8005536
8007060
8008961
8009872
8009945
8012128
8013379
8013539
8014846
8018493
8018836
8019898
8020411
8020491
8020537
8021102
8023046
8024643
8025048
8026599
8027376
8028869
8029155
8031028
8032027
8035075
8035341
8035603
8036263
8037373
8039101
8040243
8041200
8041228
8041526
8041982
8042660
8042877
8043266
8043846
8045805
8046604
8046784
8047765
8049966
8051217
8052188
8052885
8053186
8055400
8055759
8056125
8056440
8058380
8058705
8058869
8060260
8060821
8063953
8065301
8066835
8066966
8067247
8068132
8069684
8070197
8070510
8070794
8071290
8072165
8072894
8073528
8073921
8074335
8074953
8076207
8076835
8077728
8079629
8079816
8080132
8080223
8081174
8082787
8084530
8084621
8085262
8085939
8086083
8086496
8086568
8086658
8087266
8090022
8090319
8090453
8090968
8092149
8092561
8095125
8095620
8096088
8097200
8097924
8099465
8102130
8102157
8104439
8104446
8106435
8108151
8108560
8109596
8110005
8111572
8111808
8111879
8112282
8112381
8112857
8115126
8115441
8116019
8116069
8116163
8116421
8116550
8117906
8119256
8119618
8121721
8122006
8123243
8125079
8129702
8129759
8130711
8131530
8131737
8132456
8132629
8132830
8133872
8133924
8135384
8135797
8138844
8139320
8140555
8144098
8144332
8145076
8145603
8146124
8146844
8148292
8148558
8149137
8150332
8151305
8151857
8152694
8153117
8153168
8154148
8158620
8159659
8160437
8162288
8162291
8163932
8164330
8168089
8169505
8170788
8173137
8173196
8174162
8174226
8174435
8175028
8175311
8176288
8176671
8176682
8176743
8178541
8178617
8179768
8179916
8180466
8181799
8182648
8183450
8184459
8185736
8185970
8187354
8187981
8188882
8191026
8191512
8193718
8194592
8194700
8196750
8200128
8200559
8201414
8202872
8203371
8203448
8204733
8205410
8206084
8206352
8206842
8207390
8207576
8207849
8210400
8212345
8213443
8213679
8215755
8215979
8216117
8216397
8217692
8217820
8218010
8219228
8220120
8220841
8221118
8221295
8221934
8223188
8223326
8223714
8224259
8224460
8225053
8225634
8226000
8226675
8227424
8227521
8227845
8228029
8230026
8231015
8232163
8232714
8232852
8235369
8235664
8235701
8236315
8237206
8237486
8237782
8238031
8239527
8243049
8243942
8245169
8245805
8245971
8246372
8247732
8248259
8248508
8251785
8253087
8253264
8255597
8256417
8256562
8257949
8259570
8259815
8260677
8260746
8261036
8261949
8263128
8263379
8266045
8267084
8267711
8267826
8267870
8267899
8267992
8268043
8270302
8270347
8271273
8272772
8273225
8273419
8274046
8274073
8274784
8277235
8277391
8278430
8278452
8280037
8280830
8280842
8283790
8285465
8287221
8287283
8287487
8287688
8288030
8288771
8289111
8290497
8290989
8291520
8291896
8292679
8293301
8293590
8293651
8293674
8293865
8293957
8294338
8295449
8295740
8295813
8295937
8297623
8297779
8298000
8300344
8301813
8302020
8302636
8305970
8307400
8307434
8309044
8309103
8311775
8312821
8313714
8314098
8314621
8315977
8316138
8316363
8318384
8318693
8319363
8324157
8326673
8326867
8327219
8328540
8329924
8330362
8330592
8331906
8333349
8334110
8335146
8335384
8335775
8335788
8336336
8336531
8336556
8336756
8337322
8338328
8338491
8338723
8339367
8339995
8340151
8341587
8342916
8343354
8344365
8344991
8345812
8347129
8347298
8347595
8347601
8348431
8349040
8349117
8349450
8349849
8349953
8350701
8355870
8356498
8357099
8358876
8360236
8360604
8361513
8361775
8362363
8362784
8362786
8364647
8365048
8365052
8367066
8367230
8367386
8369611
8370183
8370784
8372682
8372834
8372861
8373119
8373666
8375415
8378001
8378427
8378824
8380503
8381295
8381478
8381615
8382666
8384236
8384807
8384939
8385062
8385141
8385152
8386453
8386625
8388299
8390062
8392241
8392887
8393453
8394641
8395438
8396489
8396791
8397181
8397895
8397969
8398960
8399859
8401498
8401979
8402130
8402479
8403078
8404172
8404416
8404569
8405618
8406023
8406170
8407401
8408234
8408611
8408780
8408801
8411027
8411842
8412189
8412294
8413845
8414971
8415175
8415332
8416740
8417327
8418092
8418443
8425231
8425620
8427375
8428245
8428600
8431265
8431277
8431449
8433025
8433356
8435769
8436857
8437200
8437864
8438513
8439162
8440125
8441896
8442212
8444520
8444653
8446800
8447029
8448662
8450923
8450994
8451304
8452290
8453341
8453403
8453520
8455171
8455809
8456357
8456444
8456833
8457239
8458431
8459056
8459752
8459989
8462485
8463213
8463235
8463353
8464583
8466116
8466359
8466765
8467119
8467464
8468065
8468302
8470007
8473852
8476994
8477871
8479003
8480064
8480483
8480811
8481971
8482612
8482734
8483191
8483326
8484378
8484744
8484877
8488425
8490489
8491443
8492574
8493815
8493848
8493941
8494274
8495145
8496581
8498987
8499026
8500494
8502289
8502946
8503826
8504518
8505644
8505856
8506678
8506893
8508048
8509154
8509611
8511140
8514436
8514464
8515706
8517776
8521536
8521728
8521949
8522095
8523442
8523930
8524549
8524903
8524966
8525041
8526169
8526173
8526393
8529204
8530023
8530305
8530881
8532716
8533641
8533848
8534450
8534625
8535273
8535759
8536703
8537023
8537286
8537771
8538931
8538939
8539271
8539480
8539561
8539710
8544142
8544248
8544600
8545139
8545673
8546117
8549140
8549633
8551692
8552310
8554140
8555272
8558224
8559374
8559688
8560502
8560933
8560969
8561707
8562667
8564926
8565082
8565445
8566213
8566271
8567019
8567315
8567749
8570061
8570223
8570822
8572064
8572547
8575166
8578578
8579909
8580323
8580680
8580996
8581552
8582108
8583340
8583965
8585995
8586808
8586965
8587418
8590498
8591690
8592862
8593299
8595804
8596483
8599000
8600041
8601169
8601210
8602474
8603038
8603848
8603908
8605101
8605701
8606348
8607075
8608851
8608972
8609043
8611247
8611812
8611966
8612173
8613402
8614152
8616224
8616367
8617928
8618720
8619422
8622518
8622652
8624313
8627596
8628953
8630852
8631063
8634261
8635785
8636416
8637618
8638502
8640428
8641271
8641555
8643191
8643659
8643742
8644072
8645843
8646196
8646322
8649744
8650750
8652154
8652355
8652648
8654116
8658459
8659051
8659605
8659871
8659957
8660397
8661541
8662023
8662908
8668346
8670585
8670998
8672480
8673028
8673084
8673601
8674646
8674930
8675008
8675578
8676248
8676769
8677252
8677262
8678089
8678147
8680613
8681084
8682817
8682820
8683116
8683234
8684028
8687280
8690203
8694379
8694438
8694530
8694958
8695506
8696210
8696904
8697372
8698438
8699768
8700518
8702075
8702763
8703001
8703814
8705255
8705658
8706684
8707990
8708818
8709643
8709764
8709863
8711253
8713878
8714935
8715997
8716132
8721164
8721961
8724491
8726535
8726655
8726888
8726900
8726921
8728570
8728839
8730101
8730677
8732312
8733295
8734874
8735466
8735767
8736223
8736317
8737703
8738205
8741716
8742931
8744210
8745161
8745610
8746253
8747149
8748444
8748857
8750450
8750774
8751298
8751401
8756141
8757197
8758253
8759324
8760364
8760885
8761303
8761550
8762251
8763063
8763071
8763389
8767818
8768967
8769635
8771086
8771698
8772175
8776215
8776550
8777394
8778971
8779798
8780267
8781700
8784716
8785190
8785946
8785958
8787311
8788353
8788440
8789852
8792386
8794028
8794045
8794556
8795650
8795798
8796403
8798165
8800659
8802256
8803109
8803339
8803548
8808129
8808307
8809532
8810007
8810258
8812076
8813339
8813814
8814304
8814747
8814874
8815130
8815725
8816207
8817862
8818213
8820065
8821556
8821840
8822157
8823190
8824715
8826378
8826932
8827059
8827502
8828206
8830383
8832524
8832630
8833656
8834021
8837657
8838535
8839436
8840032
8840632
8841692
8844297
8845679
8846264
8846808
8846838
8847462
8848070
8848451
8848459
8848553
8853289
8854716
8854756
8856184
8856284
8857774
8858063
8858511
8859454
8859764
8859778
8859796
8860596
8862918
8863201
8865924
8866225
8866397
8866915
8867510
8867832
8868422
8868764
8870097
8870172
8870181
8870312
8870391
8876533
8878698
8878802
8879986
8881676
8882156
8883563
8883944
8884190
8884278
8884423
8884611
8885055
8885967
8886446
8892973
8893481
8895383
8897676
8897777
8898951
8900059
8901312
8902136
8902727
8902911
8903736
8904090
8904671
8906130
8908037
8910670
8911468
8911911
8913071
8913327
8913359
8916625
8922403
8924450
8927392
8930047
8930174
8930335
8930954
8931150
8931252
8931639
8932468
8933970
8934015
8934698
8936698
8937141
8938090
8938692
8939389
8941407
8942877
8943073
8945999
8947920
8948953
8949860
8950765
8951196
8951825
8952085
8953226
8953357
8953684
8954665
8955928
8958478
8958536
8958563
8960245
8960620
8961329
8962389
8964847
8966453
8966658
8967748
8967805
8968674
8968762
8969734
8969949
8970200
8971068
8971264
8971416
8974069
8974933
8974955
8975622
8976409
8978070
8978724
8981152
8982244
8984224
8984361
8984413
8984656
8984665
8985801
8986250
8987827
8988175
8989451
8989658
8990169
8990511
8992504
8994303
8994453
8995564
8995782
8996414
8997122
8997712
8998281
8999819
9004475
9004485
9004985
9006351
9006364
9007383
9007783
9007962
9008335
9008787
9009287
9009581
9009749
9010201
9010318
9010374
9011605
9012098
9012122
9013378
9014351
9015164
9015191
9015623
9016176
9017480
9018160
9019111
9020298
9020410
9021843
9022050
9023461
9024919
9025456
9026340
9028166
9029333
9029742
9030863
9031287
9031454
9032859
9033166
9037233
9039538
9041608
9042461
9043251
9043720
9044738
9045444
9045822
9045862
9046265
9046776
9047142
9047163
9047754
9047815
9048625
9049731
9050663
9051483
9051842
9052714
9052924
9052986
9053280
9055378
9055936
9056777
9061826
9062512
9063676
9066842
9066920
9068869
9070629
9072852
9072999
9073576
9073874
9074192
9074789
9075681
9075822
9076000
9078319
9079282
9079779
9081360
9081572
9081603
9081896
9082489
9083418
9083705
9086801
9086858
9087722
9087950
9089091
9089194
9090081
9090156
9090937
9092324
9093431
9093547
9094245
9094481
9095281
9095774
9095824
9095913
9096123
9096684
9097416
9099747
9099840
9099886
9100124
9100490
9101590
9101788
9102498
9106767
9107067
9108196
9108277
9109112
9110451
9111035
9111920
9111928
9112492
9115075
9115425
9115545
9116668
9118954
9119818
9119919
9120610
9120771
9120893
9122186
9122357
9122897
9124553
9125154
9126758
9131576
9131953
9132799
9133323
9134133
9134144
9134707
9134783
9134844
9134867
9134940
9135069
9135831
9136512
9136901
9137411
9139651
9139756
9140837
9141105
9141882
9142004
9142537
9142599
9142936
9143355
9143633
9143847
9144347
9144608
9145271
9145317
9149123
9153078
9153716
9155058
9155668
9156522
9157079
9158357
9158504
9159155
9160021
9162622
9162768
9163614
9164440
9165188
9167462
9168102
9168421
9168862
9169684
9169911
9171242
9172705
9173568
9174360
9176780
9176874
9176915
9177156
9177215
9178135
9179158
9181890
9182026
9183288
9185148
9185284
9188464
9189208
9190306
9190762
9191057
9191206
9191725
9193732
9194351
9195465
9196511
9196612
9196702
9197855
9198766
9199848
9199965
9201724
9203403
9204640
9205771
9206070
9208043
9209745
9210277
9213090
9214100
9217285
9218167
9218417
9218594
9219470
9219515
9219779
9221180
9222498
9222953
9223386
9223468
9223553
9224968
9225814
9226021
9227841
9228205
9228295
9228813
9229479
9229914
9231325
9232573
9233213
9233221
9234389
9234818
9235054
9236840
9237745
9238732
9240944
9241023
9241139
9242262
9243578
9246651
9246777
9246931
9246974
9247515
9247710
9247791
9248593
9248835
9248969
9249084
9249220
9250791
9251120
9253961
9254151
9254795
9254884
9254909
9256102
9256363
9256733
9257005
9257827
9257985
9258230
9259984
9260182
9261172
9261906
9262804
9264299
9265549
9265876
9267400
9267567
9267695
9267954
9268807
9269344
9269538
9271347
9271744
9273462
9276363
9279000
9280012
9281227
9281300
9282268
9283969
9284243
9284462
9284626
9286942
9287270
9289336
9289813
9290170
9291532
9291743
9292788
9293392
9293474
9293922
9294151
9295378
9297513
9298052
9301996
9303158
9304867
9304939
9305160
9305289
9308333
9310079
9310972
9312037
9312892
9314341
9315785
9316647
9317806
9318456
9318830
9319848
9320385
9321264
9322010
9322473
9322921
9323188
9324029
9326968
9327719
9328271
9328780
9331211
9332791
9333169
9333204
9333407
9333424
9335123
9335494
9335980
9337604
9337705
9337857
9338550
9340579
9340742
9341291
9342990
9344210
9344371
9346520
9346569
9348136
9349505
9350319
9351145
9351250
9351276
9351323
9352131
9352151
9354597
9355197
9357096
9357931
9359158
9361142
9362023
9362748
9363333
9363524
9364582
9365646
9365827
9366523
9367529
9367574
9367772
9368649
9371057
9371331
9371572
9371595
9371838
9371985
9374987
9375414
9375816
9375961
9376757
9378773
9380580
9380755
9381489
9383929
9387028
9388076
9389210
9389379
9393338
9395756
9398061
9399211
9399447
9400084
9400646
9401672
9403947
9404173
9406214
9406632
9406636
9406664
9407223
9407420
9407476
9408184
9409511
9409944
9409999
9413655
9416201
9416599
9417592
9418250
9418835
9419428
9419575
9420912
9421892
9423083
9424487
9425077
9425430
9429142
9429164
9429582
9430471
9432764
9433548
9434024
9436336
9437251
9437716
9438233
9438655
9439224
9439990
9440071
9440264
9440617
9440740
9441237
9441368
9443246
9443399
9446480
9446939
9447647
9448320
9448414
9448532
9448981
9450324
9450804
9450831
9450985
9451130
9451533
9453104
9456529
9457352
9457972
9459297
9460103
9460755
9460761
9460907
9462376
9462756
9463470
9464528
9464922
9465715
9467369
9468351
9469186
9469859
9470785
9471134
9472570
9472848
9473144
9473876
9474716
9474841
9475121
9475820
9479065
9479842
9480149
9480399
9481541
9481717
9482670
9484702
9485180
9485709
9485739
9486016
9486992
9490490
9491367
9491757
9493343
9494380
9495205
9495979
9496315
9496534
9496923
9497221
9498630
9503769
9504429
9504839
9505270
9505805
9506175
9506228
9506933
9507045
9508016
9508690
9510050
9510193
9510467
9510718
9513068
9513525
9514518
9515556
9517221
9517930
9518065
9518154
9518313
9520034
9520154
9520373
9521471
9522917
9523201
9523501
9524270
9524413
9524839
9525574
9525999
9526412
9526698
9529341
9530675
9531025
9531171
9532376
9532753
9532990
9533114
9533447
9534634
9535923
9539174
9543891
9544517
9545634
9545679
9545801
9545949
9546155
9546768
9547250
9547361
9547873
9548344
9548877
9550546
9551908
9552549
9553379
9554027
9554277
9555829
9556096
9556536
9558275
9558522
9558737
9559817
9561297
9561485
9562005
9562039
9564799
9565551
9567036
9567154
9567383
9568723
9569052
9570739
9570980
9571214
9572177
9572422
9572880
9574656
9575123
9576953
9577293
9577599
9577903
9579185
9580274
9580757
9583745
9583853
9584332
9584539
9587902
9588432
9589739
9590500
9591546
9591770
9593129
9594061
9595502
9595841
9595990
9596036
9596086
9598327
9598434
9599666
9599870
9600771
9603096
9604474
9605053
9606465
9606568
9607910
9610580
9612075
9613178
9613622
9614778
9615213
9615741
9619001
9619484
9619600
9619882
9619944
9620005
9620430
9622002
9622268
9622803
9623012
9623422
9624091
9624215
9624334
9625887
9627939
9628370
9629065
9629827
9629897
9630280
9631348
9631554
9631807
9632121
9632406
9632438
9632827
9636106
9636179
9638150
9638273
9639068
9639890
9641596
9641661
9643154
9644857
9645618
9646267
9646565
9646592
9647230
9648131
9648493
9649026
9649089
9650517
9651797
9653482
9653730
9654494
9654719
9657541
9659098
9659234
9660071
9660105
9661747
9664605
9665421
9665462
9665533
9665569
9665688
9665710
9667010
9667409
9668132
9668686
9671200
9671574
9671714
9673753
9673831
9674920
9676319
9680110
9680129
9680146
9681289
9682259
9682876
9684012
9684344
9686442
9686513
9686637
9686891
9687293
9687511
9688381
9691186
9692156
9692260
9694673
9695774
9695835
9695971
9696066
9697874
9700175
9702456
9702700
9703725
9703994
9704130
9704988
9705182
9705430
9706352
9707179
9707772
9708646
9710634
9711125
9713043
9715715
9715965
9716305
9718525
9718679
9719345
9720630
9720797
9720987
9721294
9721365
9721807
9722242
9722734
9722753
9723668
9724482
9724721
9726915
9727091
9727355
9727967
9728006
9730181
9730420
9731778
9734881
9735222
9736133
9736134
9737112
9738703
9740153
9740538
9742007
9742557
9743374
9745019
9745141
9745187
9745740
9747252
9747590
9749367
9749610
9750993
9751289
9756222
9756538
9757222
9757901
9758117
9758676
9759221
9760737
9761719
9761845
9762348
9762701
9763477
9763838
9767340
9767347
9767772
9768615
9768804
9769464
9770977
9772429
9772483
9772922
9772940
9773422
9774520
9774736
9775842
9778843
9780422
9780446
9781298
9781510
9786022
9786618
9787925
9788211
9789221
9789588
9791015
9792176
9793878
9794292
9796059
9796067
9796383
9796633
9797606
9797638
9798569
9799787
9800654
9800697
9800943
9802893
9802967
9803002
9803186
9803331
9803333
9803781
9804302
9804599
9804656
9805010
9806018
9806862
9807036
9807334
9807400
9808864
9809710
9810102
9810465
9811717
9813262
9813600
9814061
9815779
9817251
9818208
9818788
9818900
9820386
9821116
9822190
9824409
9824933
9826664
9826775
9829647
9830759
9832943
9832961
9833140
9833843
9834685
9835250
9837282
9838742
9839563
9842590
9843213
9844839
9844957
9850677
9851536
9851580
9852456
9853468
9855039
9855174
9855208
9856303
9856859
9857149
9857532
9858095
9858473
9858614
9858619
9859472
9859877
9860104
9860140
9860324
9861333
9861431
9863177
9863710
9864788
9865099
9865444
9865471
9865739
9869377
9870024
9871029
9871778
9872393
9872770
9872861
9873372
9873460
9874146
9874153
9875651
9876529
9877930
9879238
9879699
9881106
9881337
9881753
9882130
9884854
9890095
9890424
9892049
9894145
9894281
9895195
9895231
9895332
9897252
9899093
9899551
9901295
9902342
9905654
9907310
9907825
9907864
9908228
9911753
9912021
9912643
9912861
9913085
9913899
9915013
9916148
9916372
9916954
9917356
9917960
9918361
9918437
9918749
9922247
9922299
9923811
9924206
9925294
9925638
9925648
9927085
9927727
9930206
9930854
9930909
9931029
9932652
9933017
9933900
9934680
9935537
9935615
9938501
9943140
9945643
9946543
9946913
9947544
9949221
9949867
9954365
9954543
9955579
9955977
9956285
9957702
9959018
9959068
9960187
9960217
9963429
9963617
9966860
9967370
9968086
9968629
9969709
9970440
9970629
9971429
9973469
9973677
9973908
9978455
9979697
9979889
9985173
9985812
9986233
9986623
9986872
9988578
9989117
9989143
9991366
9994977
9995678
9995768
9996233
9997670
9999030
9999162
9999732
9999741
