1058740
1107261
1132751
1218837
1340268
1404884
1486431
1610290
1649835
1682398
1806548
1824013
1891580
1926189
1976260
1995178
2066231
2181316
2249955
2269426
2283834
2290135
2371170
2422840
2634408
2677461
2789511
2899149
2948452
2976570
2981152
3075900
3105801
3174421
3279844
3287656
3448733
3460796
3469160
3475444
3484183
3501223
3557351
3727942
3806113
3955432
3989135
4122588
4139055
4184386
4199494
4293062
4657898
4760968
4769789
4773505
4847833
4852807
4898503
4964542
5011017
5100698
5101854
5172644
5203434
5239897
5259558
5431173
5445694
6100210
6209280
6218150
6388645
6674950
7298927
7324138
7398230
7422935
7444656
7753605
7997015
8201440
8280648
8384525
8473626
8498126
8736108
8866052
9062526
9289194
9304103
9367192
9392513
9404933
9501197
9608635
9742696
9947161
9989651
9997854
