1000793
1023436
1032624
1034047
1034186
1037876
1043708
1044344
1054516
1055020
1071384
1071537
1079766
1081810
1086840
1087167
1136958
1155462
1155477
1156242
1193828
1213327
1214116
1228368
1242278
1250272
1252225
1254818
1263502
1287095
1297071
1307480
1310273
1310660
1319732
1320311
1321077
1325232
1334804
1342712
1347986
1348564
1348782
1365658
1366265
1370282
1376510
1382438
1464794
1471353
1473979
1483857
1491117
1496267
1499740
1507506
1509642
1523324
1526364
1527153
1541045
1547198
1556140
1557026
1562821
1571784
1589904
1599363
1603677
1605503
1610853
1611914
1616587
1650792
1665703
1669508
1670658
1674386
1681095
1715396
1722003
1723309
1724791
1731588
1738163
1759007
1773557
1783348
1805596
1805988
1808225
1812405
1817312
1822732
1824925
1848124
1850057
1850439
1863047
1864212
1870060
1889984
1896632
1902680
1914065
1917094
1918892
1923647
1927036
1927360
1977672
1986363
2002188
2011810
2013777
2018077
2020263
2031396
2059186
2063597
2066682
2068536
2072646
2074247
2088732
2097491
2099190
2101315
2113941
2119789
2135409
2155153
2156878
2162618
2179940
2195979
2202691
2216293
2216605
2221490
2230737
2243868
2264891
2264958
2273446
2305170
2305933
2326678
2339356
2344727
2345458
2349403
2350938
2367871
2370427
2373233
2381692
2394910
2418647
2422732
2423498
2426685
2433260
2459018
2461459
2462979
2466124
2468238
2474570
2487452
2510186
2515224
2520680
2526606
2527885
2558377
2576445
2585667
2595083
2601701
2614097
2616999
2620407
2626247
2634897
2644035
2645401
2646962
2659481
2669286
2673442
2700405
2724418
2729262
2734841
2736713
2751611
2757820
2771014
2791131
2792786
2797830
2801048
2816169
2818091
2827411
2831814
2848881
2858243
2862820
2878716
2902831
2907901
2911727
2929761
2942324
2945540
2947381
2960016
2969921
2977587
2978436
2982750
3005145
3012663
3030726
3042372
3063696
3064459
3066070
3082386
3086526
3105142
3106260
3111018
3131304
3135470
3137260
3141107
3141716
3142712
3143204
3153039
3159091
3163820
3171316
3176355
3177443
3184725
3189716
3199901
3208110
3210967
3220294
3230331
3238559
3251669
3254956
3281595
3286087
3290481
3291554
3304421
3324504
3326649
3344372
3345567
3351869
3368856
3382991
3396437
3397889
3429760
3431798
3433411
3434572
3447979
3451799
3456641
3460160
3473823
3484703
3500755
3503154
3507629
3514231
3516340
3516579
3520883
3522547
3523759
3551885
3553280
3559919
3580576
3586225
3615409
3621122
3628639
3636683
3646683
3648591
3662364
3672520
3674622
3677835
3691704
3695922
3701062
3705320
3710211
3720085
3730624
3733332
3751188
3760850
3782384
3804523
3810510
3817502
3832513
3833092
3839385
3845825
3847187
3849158
3855143
3868317
3877449
3894490
3895400
3910460
3914863
3921531
3928333
3931960
3932726
3948296
3949464
3971560
3972654
3975569
3993484
4001261
4010903
4011291
4032956
4043686
4051141
4057032
4060903
4074272
4075584
4077046
4086077
4095102
4101231
4102079
4102653
4105018
4127489
4129245
4129377
4141975
4154644
4157705
4172035
4202343
4202894
4207934
4215999
4223716
4255285
4276085
4283806
4286591
4306687
4320082
4331395
4334489
4339127
4342468
4344158
4358658
4366325
4369055
4401260
4410746
4423003
4439185
4448499
4450420
4454703
4479229
4479907
4480592
4486884
4491883
4499276
4511449
4514849
4515033
4515505
4536785
4547368
4571652
4576960
4588577
4603732
4604123
4615744
4617014
4633927
4634645
4637662
4639796
4643593
4646928
4650043
4652867
4656543
4662140
4673734
4683640
4685199
4690675
4697851
4700984
4701901
4706255
4714928
4768533
4773607
4776128
4788846
4796111
4801742
4802598
4803921
4825213
4826880
4833567
4849045
4856213
4866782
4876556
4888915
4892148
4900962
4904612
4909319
4920013
4936528
4944157
4957202
4965061
4972311
4976732
5006612
5006829
5028570
5037604
5038573
5071712
5078307
5084473
5090298
5115298
5122327
5123662
5130301
5135781
5146140
5148993
5168840
5173664
5177230
5212585
5227756
5233222
5233874
5247395
5253417
5268481
5270216
5283022
5295181
5318822
5319606
5340124
5385365
5389843
5391360
5412606
5427207
5462388
5467609
5481365
5502875
5507825
5512393
5527144
5527160
5531443
5534550
5547006
5552602
5562408
5563490
5566246
5616924
5618279
5622658
5636561
5660255
5660578
5662710
5669113
5670146
5675211
5682702
5694614
5705289
5705589
5717113
5733605
5757863
5759613
5778607
5785673
5796861
5811455
5845112
5880183
5881264
5890531
5894208
5900024
5905580
5907327
5913947
5935231
5945459
5945814
5958094
5977358
5978003
5991431
6011062
6017692
6035368
6041858
6057992
6065542
6068168
6071283
6086238
6087363
6097162
6115118
6118212
6147501
6187485
6189385
6194489
6204982
6205871
6210947
6222246
6232050
6233271
6237641
6240706
6260093
6261316
6270191
6270508
6272829
6276682
6278012
6280622
6315283
6316392
6323292
6323881
6327745
6331707
6352117
6367834
6377926
6390798
6395883
6405866
6418696
6419695
6427848
6429316
6445065
6454803
6456244
6473184
6505245
6509605
6535145
6536759
6541047
6579489
6586576
6591647
6591815
6595484
6604231
6614540
6616567
6624185
6628147
6632075
6644425
6654797
6666079
6672462
6674157
6680016
6681333
6687624
6696266
6703660
6716410
6718838
6722805
6735341
6766691
6785790
6831995
6834433
6855675
6858220
6860134
6873943
6874336
6886675
6905268
6907292
6911522
6918386
6931088
6934181
6951485
6960011
6966564
6971157
6973747
6977616
6990398
6997099
7000895
7002522
7006460
7006738
7013824
7020968
7022753
7024257
7055790
7065998
7085450
7088495
7091224
7097201
7099444
7101824
7113377
7113994
7128898
7134243
7152125
7169287
7169511
7175453
7194570
7195052
7195231
7204120
7207019
7208476
7228955
7248503
7252562
7255633
7268411
7271954
7273018
7278521
7283597
7289870
7300228
7301595
7301706
7308692
7309832
7322396
7333707
7337153
7376846
7381703
7410242
7411422
7418502
7445625
7446825
7456730
7458079
7461370
7479149
7487800
7493987
7494556
7511356
7531744
7540513
7554949
7558259
7569456
7570751
7584627
7585291
7588144
7609357
7616182
7618073
7628261
7633417
7637420
7640949
7652623
7652921
7675336
7679695
7681523
7691275
7727584
7730307
7733486
7735306
7740082
7741826
7745011
7758638
7764387
7779297
7785485
7787821
7790208
7798756
7802755
7809356
7831669
7833704
7838620
7843450
7854382
7856622
7857426
7859467
7862460
7872012
7873893
7874557
7880969
7887896
7889040
7908384
7909513
7912834
7913448
7939674
7952573
7953795
7962776
7969376
7971695
7971733
7974121
7987698
7996908
8001028
8013286
8014087
8026753
8030525
8032551
8038991
8043595
8046537
8047949
8056085
8063448
8070003
8084963
8088699
8098537
8100691
8107343
8115463
8118173
8119349
8155970
8156987
8157572
8162715
8163200
8165575
8177467
8178085
8187368
8190119
8196476
8207099
8208658
8214149
8216665
8217492
8242187
8248592
8265496
8277896
8288071
8292790
8310457
8310780
8310792
8314572
8323527
8328905
8330599
8336940
8365235
8365606
8377022
8377838
8382315
8400770
8408189
8408836
8417877
8419812
8424518
8429325
8433111
8438506
8453309
8469986
8493450
8494724
8511830
8513468
8517350
8523803
8543599
8559476
8561084
8563248
8563995
8577043
8580022
8581890
8588713
8597272
8622892
8683947
8690539
8704802
8707166
8710374
8710606
8724543
8724965
8727273
8737112
8737624
8737659
8748325
8755128
8771730
8774167
8781205
8785732
8814439
8828486
8833691
8836283
8837341
8839925
8845581
8856890
8858928
8882778
8888415
8908701
8920248
8936267
8939473
8943525
8953660
8955568
8985211
8994242
9025496
9026592
9032435
9034617
9046680
9059898
9079406
9079860
9079866
9097602
9102345
9102736
9131383
9136403
9136832
9145721
9150275
9166065
9169810
9218377
9219774
9221514
9229900
9235957
9242037
9252208
9271024
9302503
9311217
9322166
9329589
9344004
9344933
9351125
9356009
9357120
9358408
9369711
9382793
9404188
9406256
9407565
9413423
9417994
9424702
9425544
9455065
9460336
9486421
9508441
9515129
9531038
9536177
9544092
9550117
9563955
9570180
9573953
9577898
9582230
9590879
9603270
9611479
9612113
9617560
9620014
9625605
9672401
9691180
9693296
9700706
9700771
9704085
9705023
9724705
9727359
9732379
9742130
9746196
9746202
9747708
9756024
9773355
9793021
9831938
9837222
9871520
9880121
9880224
9921496
9922948
9967422
9998514
