1000978
1001141
1001341
1002449
1003103
1003789
1005062
1005186
1006086
1006869
1008484
1008562
1009406
1011964
1012054
1012323
1013546
1013673
1015787
1016476
1016959
1017145
1017189
1017592
1017874
1018278
1020788
1020980
1022024
1022246
1024920
1024954
1026098
1026350
1026508
1027268
1028147
1029027
1030250
1031655
1033106
1033117
1033455
1033529
1033911
1034329
1037909
1038512
1038879
1040933
1041680
1042560
1042691
1043640
1046145
1046864
1046927
1047089
1047843
1048796
1049460
1049648
1050183
1051481
1052085
1053091
1053628
1053710
1053785
1057532
1057975
1060237
1061379
1061484
1062421
1062491
1062726
1063390
1063503
1064034
1065247
1065517
1066586
1066781
1067013
1067074
1067175
1068400
1069003
1069612
1070268
1070686
1070736
1071474
1071512
1072224
1073252
1073294
1073452
1073675
1073887
1076583
1078876
1079048
1079632
1080961
1081554
1081865
1081945
1081977
1083154
1084771
1085094
1085346
1086319
1086592
1086921
1088408
1088525
1088560
1088597
1089550
1090238
1090254
1092155
1093135
1093662
1095040
1096404
1098403
1098602
1098638
1099363
1100153
1100491
1102050
1103913
1104239
1107113
1107301
1107674
1107864
1108395
1110674
1110902
1111845
1112998
1117130
1118449
1118898
1120975
1121416
1122310
1122361
1122694
1123361
1123569
1123928
1124252
1124908
1125334
1126277
1129606
1129952
1130784
1131061
1132062
1134784
1135075
1135181
1136598
1136615
1137222
1137254
1139344
1140091
1141590
1144319
1144353
1144528
1144811
1147845
1148389
1149327
1150135
1151537
1152250
1153542
1154200
1155574
1156007
1156556
1157203
1157339
1157745
1157923
1158839
1159424
1161127
1162209
1163812
1167576
1168303
1169040
1169315
1170015
1170455
1171798
1174516
1175288
1176084
1176692
1177036
1178031
1180086
1180527
1180869
1181019
1181394
1182716
1184244
1184362
1185365
1185993
1186796
1187643
1187956
1188368
1189314
1189953
1190549
1190758
1190958
1191458
1192008
1193158
1193303
1193948
1194258
1194604
1195268
1196033
1196059
1196180
1197339
1198834
1199337
1200389
1200883
1201424
1202194
1202246
1203319
1205063
1205628
1206420
1207464
1207931
1208042
1208678
1210052
1210572
1213784
1214099
1214236
1214550
1214584
1215747
1215844
1216199
1216855
1217554
1218545
1218550
1219713
1219735
1220223
1225316
1226767
1230439
1231379
1231926
1233395
1234943
1235218
1239420
1239690
1240739
1240939
1241909
1243461
1246443
1246580
1246698
1246835
1247179
1249415
1249777
1250518
1251447
1254093
1254103
1254704
1254794
1254821
1254825
1255918
1256311
1256496
1256555
1258971
1259750
1260790
1261082
1263312
1264246
1264645
1265634
1267510
1268579
1268648
1270539
1270924
1271440
1271469
1274017
1275893
1277600
1278612
1280208
1280489
1283130
1285601
1287054
1287824
1289663
1289870
1290966
1293926
1295038
1295047
1297466
1299497
1300565
1301883
1302207
1302671
1304223
1305013
1306212
1308861
1309161
1309277
1310735
1311064
1311496
1312285
1313838
1313966
1314575
1314971
1315431
1316928
1317203
1318554
1319140
1320339
1320630
1321403
1321494
1321885
1322134
1322742
1323992
1325632
1326042
1326910
1329012
1332024
1333991
1334320
1334641
1334921
1335860
1336245
1337498
1340415
1340959
1342943
1343185
1344058
1344506
1344816
1345421
1345902
1347592
1349684
1350605
1351867
1352426
1353783
1354898
1356037
1358043
1359026
1359425
1359465
1360796
1361435
1364669
1364850
1367397
1368774
1369169
1370306
1371114
1371466
1371527
1372530
1373606
1373750
1377314
1377443
1379054
1379390
1379599
1380913
1381072
1381252
1381818
1383533
1383797
1384160
1384279
1386697
1387231
1387429
1390792
1391392
1392851
1392925
1393130
1395602
1395619
1396517
1397817
1398054
1400699
1400960
1401400
1402052
1403886
1405986
1406979
1407290
1408130
1412641
1413136
1414106
1414200
1414261
1414853
1415020
1415022
1415710
1417411
1419600
1422115
1422438
1422871
1423062
1424068
1425321
1425874
1426205
1426835
1426898
1429712
1430089
1431114
1433022
1434036
1434330
1434991
1435112
1435210
1436296
1436821
1436965
1437229
1437440
1438223
1438716
1439044
1439072
1439838
1441210
1441326
1442036
1442791
1443663
1443903
1444303
1444521
1445141
1445611
1445697
1446322
1447571
1448163
1451237
1451776
1452227
1454101
1455153
1456797
1457129
1457408
1458456
1460687
1460927
1468342
1469226
1470732
1470980
1471491
1471860
1472418
1473834
1475509
1476585
1476592
1478112
1479496
1481296
1481398
1482181
1482828
1483559
1484661
1485620
1486938
1487129
1488198
1488576
1488610
1489758
1490633
1492917
1493651
1493747
1494093
1495258
1495269
1495453
1495560
1496996
1498978
1499564
1500124
1501082
1501443
1501578
1502011
1502807
1503715
1504148
1504260
1504561
1504797
1506360
1507385
1507654
1508920
1509025
1509442
1510690
1511115
1511166
1513896
1515320
1516094
1516438
1516621
1517763
1518550
1518796
1518818
1519059
1522504
1522751
1523430
1523472
1523624
1524338
1524532
1525121
1527692
1528467
1529376
1530157
1530404
1532302
1532913
1533062
1533346
1533857
1534494
1535236
1536734
1536857
1538350
1538519
1539104
1539139
1539239
1539635
1540983
1541617
1542857
1543488
1543808
1544153
1546084
1546265
1546915
1547220
1547455
1547986
1549286
1549707
1550168
1550431
1550881
1551684
1551838
1551983
1552044
1552709
1553724
1554140
1554160
1556336
1556352
1556383
1557214
1557615
1559260
1561544
1562282
1562541
1562788
1564114
1565061
1565441
1566388
1566602
1567436
1567659
1567802
1571820
1572161
1572176
1572626
1574808
1575253
1575312
1576761
1578148
1578225
1580029
1581276
1581302
1581723
1585455
1587834
1588458
1588621
1589634
1591381
1591848
1593391
1593494
1593745
1595843
1597003
1597410
1597847
1602906
1603600
1605586
1606420
1608584
1610392
1611115
1612468
1613132
1613521
1614274
1617268
1618635
1620744
1621134
1621344
1621937
1622181
1623150
1623886
1624490
1624503
1624898
1625103
1626024
1626460
1628633
1629443
1629745
1631263
1632994
1632996
1633774
1636227
1637492
1638162
1638339
1638570
1639257
1639453
1640826
1641475
1641569
1642911
1643028
1644162
1645311
1645480
1647828
1647838
1648223
1649814
1650128
1650292
1650746
1650773
1651838
1651873
1652486
1653320
1653693
1654382
1654809
1655168
1662193
1663208
1664753
1665291
1666279
1668123
1668472
1668484
1669834
1670364
1670632
1672555
1672985
1673106
1673256
1673943
1674268
1677106
1677893
1678792
1678897
1679670
1680963
1682382
1683462
1684257
1684428
1686895
1689652
1690652
1690701
1691521
1691543
1692055
1692386
1693606
1694908
1695072
1696138
1696954
1697983
1702226
1702295
1702312
1702949
1703473
1704251
1704647
1704956
1705443
1705556
1705768
1706410
1707898
1708519
1710202
1710490
1710641
1710664
1711441
1711769
1712760
1714801
1718194
1718862
1720365
1721214
1724082
1724543
1724639
1727732
1728017
1732977
1734410
1734554
1734980
1735166
1735458
1736152
1736532
1736952
1736961
1737263
1739035
1740901
1741138
1742340
1742786
1743968
1744335
1744737
1746725
1748529
1748996
1749038
1749514
1749920
1750886
1753556
1755472
1756598
1757878
1758600
1759995
1760898
1761418
1761783
1763465
1764035
1764481
1770201
1772131
1772665
1773249
1773909
1774513
1775311
1775525
1775765
1776470
1776991
1780206
1783122
1783699
1783805
1784556
1784688
1785112
1786082
1789916
1789938
1790253
1790797
1793024
1794971
1798840
1799136
1800688
1800842
1803423
1803457
1804313
1807003
1807650
1808820
1809134
1809172
1809568
1810088
1810691
1810750
1811535
1812901
1815039
1815725
1815734
1816072
1816079
1816094
1816362
1818124
1820185
1820316
1820927
1821702
1821980
1823752
1824092
1824599
1824785
1825092
1825768
1826372
1827504
1829711
1832215
1832277
1832817
1833298
1834046
1836108
1836282
1836831
1837148
1837580
1838682
1838894
1840936
1841132
1841451
1841770
1843467
1843892
1844044
1847070
1847736
1850615
1850625
1850930
1851184
1851404
1853035
1853374
1853626
1854114
1855029
1855710
1856409
1857225
1858143
1858576
1858949
1858973
1859537
1859790
1860585
1861773
1862027
1862553
1865239
1865268
1865477
1867167
1868020
1868230
1868689
1869052
1869126
1870279
1870440
1871402
1874638
1875384
1878188
1878289
1878527
1878937
1879351
1880983
1881272
1881328
1881567
1883527
1885608
1886876
1887106
1887251
1891878
1893893
1894262
1894355
1895524
1895849
1897154
1897277
1903136
1903266
1903866
1904107
1906097
1906201
1907212
1908794
1909114
1913839
1914490
1914841
1916394
1916536
1917596
1918294
1918787
1920573
1921749
1922863
1923384
1923982
1926655
1929893
1930114
1930306
1930429
1930840
1930974
1931370
1932459
1932523
1932900
1933191
1933393
1933541
1934654
1938086
1938852
1938888
1940853
1942179
1944011
1944799
1946253
1946286
1949340
1950643
1950711
1951143
1952189
1952620
1953249
1953271
1953472
1954718
1954990
1956937
1956941
1957230
1957416
1957864
1958226
1958267
1959068
1959443
1960211
1960459
1961268
1961581
1961783
1963693
1964681
1965415
1966124
1966349
1966613
1967457
1969215
1970256
1970298
1970381
1972623
1973110
1973377
1975123
1977872
1980625
1980637
1980664
1981440
1982670
1982748
1983426
1983876
1984021
1984158
1984381
1985065
1985470
1986238
1986361
1988949
1989810
1990188
1990758
1995143
1995448
1996730
1997055
1997202
1997761
1998441
1998983
1999285
2001413
2001671
2001696
2001759
2002412
2003008
2003107
2003418
2003465
2003810
2004044
2005021
2007436
2007861
2009293
2011404
2012654
2013469
2013489
2014564
2015474
2016318
2016444
2018029
2019003
2019116
2020874
2023133
2023792
2023965
2024017
2025033
2026003
2027397
2028460
2028690
2030300
2030812
2031854
2032145
2032369
2032950
2034016
2034150
2034433
2036911
2037345
2037722
2037902
2038224
2039675
2040758
2041148
2041478
2042190
2042452
2043405
2043873
2046059
2047833
2048372
2049256
2049291
2049532
2049902
2049958
2050417
2050490
2050696
2050816
2051211
2051888
2052142
2052341
2052797
2053390
2053656
2055695
2056053
2056167
2057607
2059357
2062182
2065120
2065907
2065957
2066352
2068990
2070606
2072779
2073802
2074456
2076537
2079556
2079977
2083019
2083134
2083864
2084526
2085990
2086426
2087096
2088251
2088252
2088421
2088765
2088925
2092747
2093496
2094092
2094560
2096466
2098235
2098586
2098709
2099134
2099749
2099906
2101101
2101129
2101588
2101992
2103089
2105495
2105660
2109178
2109232
2109701
2110990
2112501
2113267
2113484
2113559
2114901
2117673
2119098
2120260
2121298
2124606
2124619
2124953
2125391
2128421
2128704
2129248
2129543
2129903
2130877
2131013
2131250
2131746
2133271
2133592
2133949
2134492
2137308
2137561
2138289
2138873
2139037
2139532
2139919
2140262
2142088
2142488
2143706
2144034
2144314
2144639
2145766
2149868
2150998
2151186
2151294
2151674
2154630
2155983
2156289
2157185
2157506
2158428
2161977
2163661
2165710
2167447
2168417
2168470
2169479
2169640
2171005
2172300
2173138
2173433
2173863
2174957
2175110
2177477
2178095
2181766
2183441
2186744
2187111
2187506
2188232
2188240
2188391
2188772
2189023
2189166
2189347
2189351
2190285
2191779
2192167
2192314
2193163
2193886
2194862
2195256
2196033
2196229
2197588
2198149
2199567
2202438
2203229
2203301
2204480
2205459
2206725
2207407
2207656
2208024
2210442
2211018
2212662
2212733
2213049
2213632
2214981
2215646
2219590
2220560
2222342
2222627
2225183
2225309
2225424
2226200
2226438
2227356
2227381
2228584
2228596
2228899
2229019
2231230
2232956
2234591
2234729
2235777
2236106
2236441
2236516
2237028
2237426
2237511
2238873
2239545
2239771
2240807
2241059
2241737
2241773
2242143
2242850
2242877
2242962
2243023
2243379
2243942
2244028
2244457
2245278
2245472
2246267
2248291
2248540
2248776
2250280
2251282
2251363
2253279
2254097
2254433
2254454
2256396
2256447
2256732
2256854
2258669
2258779
2259120
2259229
2260302
2261488
2263972
2264269
2265566
2268354
2268508
2269443
2270158
2272909
2272930
2274667
2276851
2284036
2284474
2286168
2286219
2287927
2288167
2291817
2292721
2294303
2294516
2296796
2302071
2303268
2304389
2304617
2305033
2305525
2305825
2306515
2307908
2308219
2308835
2308955
2309144
2311440
2311576
2313985
2318377
2318620
2319539
2324196
2324241
2324507
2324612
2325006
2325236
2326878
2327771
2329358
2329830
2331298
2334974
2334995
2336104
2337073
2338315
2340013
2340102
2340414
2341865
2344457
2344582
2346463
2347287
2347495
2347541
2349372
2349404
2349407
2349831
2350093
2350493
2350516
2351348
2351429
2352543
2353107
2353165
2354945
2355196
2357008
2357297
2357474
2357641
2357749
2358189
2358747
2359328
2360340
2360968
2364721
2366069
2369128
2369338
2371426
2374300
2375213
2375759
2377814
2378789
2379079
2379552
2379893
2380266
2380509
2382562
2383055
2383327
2384419
2384518
2386619
2387483
2387487
2389639
2390666
2391777
2393605
2394143
2395465
2395759
2395782
2395948
2396037
2396125
2397427
2398462
2400236
2400706
2401097
2401208
2401478
2401736
2402314
2403909
2404288
2407774
2408715
2409292
2409418
2409627
2410118
2410280
2410999
2411108
2413377
2413479
2413957
2414479
2417764
2417994
2419429
2419638
2419658
2419835
2420934
2422138
2422560
2422611
2422800
2423166
2423174
2424092
2424347
2424707
2426960
2426989
2427525
2428969
2430967
2431365
2431574
2434252
2434631
2434923
2435052
2436640
2437947
2438769
2440585
2441127
2441756
2444013
2444164
2444220
2444225
2445813
2446554
2448054
2448700
2450711
2451335
2452202
2453226
2453660
2453800
2454369
2456171
2456548
2456793
2457493
2458344
2461669
2463391
2464289
2464403
2466118
2467651
2468450
2468466
2468535
2469338
2472568
2474407
2475413
2475622
2475766
2477247
2477641
2477760
2478406
2480476
2482898
2483086
2485690
2486063
2486572
2487376
2487421
2487959
2487982
2488529
2488609
2490395
2490622
2490628
2491724
2491945
2492317
2493631
2494404
2494521
2494908
2497004
2497356
2498092
2498355
2501464
2502012
2502285
2502729
2503177
2503328
2504054
2505395
2505538
2506127
2506381
2507360
2507431
2508263
2508465
2508612
2508867
2509843
2510082
2510125
2510211
2510918
2511174
2513517
2513641
2514909
2514956
2515438
2516477
2518790
2518899
2519955
2520447
2521552
2522086
2524484
2525421
2525692
2526397
2527450
2527802
2529393
2530221
2530822
2531393
2532964
2532993
2533834
2534714
2534989
2535185
2535266
2535711
2537307
2538140
2538241
2538458
2539885
2540136
2541673
2541853
2541991
2542065
2542333
2542800
2543415
2545054
2545179
2545607
2545999
2546253
2547464
2548462
2550273
2551250
2554386
2558644
2563555
2563682
2563790
2563981
2567600
2568832
2568946
2569269
2569824
2571857
2572996
2573244
2573363
2574828
2575290
2576365
2578121
2580390
2580438
2580702
2580812
2581103
2581444
2581509
2582612
2582720
2584292
2584829
2585694
2585882
2586659
2588897
2589545
2589934
2590501
2591987
2593514
2594297
2594343
2594906
2597149
2597862
2598652
2600154
2600306
2602085
2603101
2603107
2603298
2605174
2606013
2610142
2610812
2611204
2611908
2613059
2613087
2613163
2613770
2614259
2616744
2617035
2617509
2617777
2617879
2620833
2621376
2621540
2621556
2624151
2624359
2624394
2626864
2627813
2629599
2629736
2630665
2631568
2631815
2631975
2633611
2634027
2634270
2634306
2635675
2638721
2639020
2641837
2644240
2644749
2645076
2645453
2645535
2645841
2646915
2649841
2651434
2651889
2652532
2652716
2653806
2654778
2655775
2656051
2656123
2657106
2657895
2661131
2661401
2662279
2664344
2664694
2665580
2666078
2666655
2667457
2669365
2671484
2671756
2671907
2673537
2675108
2675194
2675601
2676501
2677412
2677597
2678410
2679210
2679555
2679595
2680617
2680911
2681317
2683844
2684883
2685241
2685630
2686526
2686808
2687598
2688361
2688444
2689490
2689534
2693142
2693156
2693238
2693670
2696634
2697274
2697545
2698278
2698630
2698695
2698919
2699729
2700290
2700353
2702420
2702564
2704702
2706976
2707695
2708642
2708822
2710211
2711046
2712069
2712228
2712939
2714007
2714122
2714305
2715888
2716114
2717654
2718595
2720079
2721212
2722885
2723781
2727020
2729220
2729448
2729482
2731721
2732838
2733451
2733824
2734752
2736953
2737569
2738113
2739802
2740109
2740751
2742478
2744644
2746589
2746608
2747330
2747745
2748987
2750380
2751478
2752202
2752735
2753018
2753823
2754514
2756097
2756261
2757443
2758848
2759322
2759430
2759615
2760759
2761218
2762586
2763910
2765387
2768835
2771665
2772552
2772745
2773073
2773461
2773986
2775853
2776075
2776298
2777757
2780792
2784170
2784445
2785588
2786274
2786846
2786906
2787285
2788057
2789470
2790557
2791566
2791580
2791797
2793832
2793896
2794826
2794980
2795688
2796287
2796768
2796871
2797820
2799248
2799469
2799544
2800093
2800436
2800547
2802537
2804240
2804659
2805496
2805759
2809684
2810567
2810635
2810951
2811015
2811165
2811302
2812769
2812938
2815496
2816169
2817656
2817680
2818670
2819131
2819380
2822081
2822625
2823300
2823756
2824191
2824355
2826068
2826795
2827880
2828438
2828790
2830515
2831923
2832511
2833574
2835121
2835817
2836309
2838786
2838998
2839192
2840774
2842006
2842685
2845080
2846094
2848049
2849501
2849562
2850913
2851558
2851635
2853132
2853668
2856460
2856605
2856865
2857792
2858010
2858099
2858652
2860246
2860500
2860560
2861547
2862177
2863314
2863355
2863484
2863625
2863912
2864106
2865025
2865126
2866040
2866879
2867179
2869745
2869835
2871246
2871419
2873653
2875872
2876890
2877424
2878141
2878229
2881301
2881331
2881426
2883239
2884959
2885073
2886119
2887516
2887973
2888000
2888334
2889049
2890580
2890797
2891455
2891650
2895906
2896671
2898282
2898325
2899135
2899637
2899753
2900199
2900539
2904209
2906234
2906900
2908486
2909767
2910463
2910820
2912053
2912111
2913371
2914514
2915933
2916247
2917442
2919292
2920300
2920679
2920692
2920866
2922041
2922360
2923004
2923606
2924131
2924309
2924332
2924797
2924811
2924952
2925419
2927240
2928550
2928964
2929951
2930078
2930594
2931023
2932281
2933298
2933715
2934073
2937250
2937330
2937416
2937869
2938159
2938237
2938382
2938726
2938870
2939615
2939657
2940610
2942925
2943084
2943128
2943616
2945097
2947358
2948807
2949813
2949884
2950580
2951833
2952860
2953065
2953286
2953667
2954517
2955972
2957023
2957540
2958581
2959127
2959228
2959684
2959705
2959945
2959974
2960767
2960914
2961050
2961366
2961632
2961844
2962897
2963051
2964481
2966902
2967009
2967221
2967434
2967543
2971934
2971955
2972606
2974542
2975385
2976179
2977213
2977691
2978254
2978369
2978382
2980947
2981342
2981995
2983086
2984151
2984633
2984879
2984970
2985636
2985850
2986078
2987116
2987560
2987747
2988901
2990364
2990529
2992021
2992564
2993334
2993570
2993596
2996570
2996653
2997612
2997619
2999563
3001019
3003648
3004232
3007270
3007517
3008347
3010976
3011727
3012564
3013480
3014479
3015194
3019038
3020453
3021260
3022291
3023241
3023330
3023942
3025288
3025721
3027785
3028323
3028465
3031193
3031807
3033693
3033968
3034342
3034422
3034646
3035233
3036611
3038113
3038292
3038558
3038849
3039209
3040209
3040940
3042026
3042599
3042831
3044058
3045309
3045411
3046489
3047240
3048579
3048773
3048818
3049953
3051051
3051186
3052648
3053832
3053960
3055306
3055320
3055325
3055353
3056068
3056458
3057176
3057313
3060018
3061081
3061424
3062807
3063106
3066898
3067218
3067730
3068200
3069078
3069804
3073070
3073973
3074982
3075335
3076267
3076563
3076741
3076848
3077003
3077173
3077947
3078652
3079499
3080754
3081720
3081766
3082409
3082448
3083399
3084135
3084300
3084593
3084848
3085103
3087355
3090078
3092328
3093144
3093829
3094336
3094828
3098625
3099424
3101164
3101711
3102170
3103297
3105019
3105204
3105624
3106365
3107420
3107678
3108591
3110485
3110609
3110876
3111473
3111854
3112526
3113876
3114849
3115019
3116027
3116149
3116671
3117705
3117763
3119581
3119612
3120791
3123307
3123593
3123921
3124909
3125101
3125472
3126256
3128013
3128574
3129850
3132146
3132541
3133485
3133821
3134816
3135342
3137770
3138048
3140803
3141727
3142405
3143147
3143378
3143394
3144153
3144394
3145133
3145453
3145883
3147626
3148412
3151259
3151619
3151656
3153015
3153314
3153968
3155345
3157333
3159226
3159620
3160145
3162986
3163366
3163631
3164441
3164503
3165269
3166309
3166333
3166790
3166837
3168557
3169888
3171614
3172080
3172323
3172479
3173108
3174477
3174889
3175325
3175745
3176204
3176517
3177795
3177979
3179692
3179803
3180457
3180995
3181638
3182474
3183139
3185029
3186020
3186963
3187958
3188296
3188306
3189603
3190123
3191064
3191185
3191907
3192376
3193029
3193038
3194002
3194841
3196488
3196991
3197053
3197079
3197411
3197874
3197875
3198059
3198660
3198840
3198923
3199366
3200249
3202510
3203528
3204206
3204681
3205729
3205970
3206029
3206251
3208538
3209505
3209620
3211681
3211836
3212800
3213205
3213896
3214558
3214805
3214834
3218259
3219308
3220882
3222120
3222767
3222811
3224458
3224699
3226997
3227114
3227904
3228723
3233039
3233559
3233746
3233904
3234052
3236646
3237186
3237484
3238620
3238767
3239082
3239518
3239590
3240203
3240759
3241888
3242092
3242318
3242838
3243207
3243440
3244123
3244204
3244890
3245822
3246141
3246249
3246287
3246299
3246582
3246783
3247540
3248870
3249214
3249347
3250262
3250425
3250619
3251638
3252950
3253062
3253188
3253587
3254064
3254692
3256406
3257010
3258732
3259069
3260088
3261328
3263267
3264230
3266589
3268056
3269527
3270047
3271861
3273312
3275239
3275903
3275967
3276380
3277185
3277863
3278218
3278445
3279915
3279970
3280410
3280470
3280835
3281124
3281843
3282850
3283054
3284324
3284441
3284828
3285958
3286489
3287313
3288110
3288500
3289092
3289105
3289879
3291377
3292079
3292948
3292971
3295647
3296045
3296347
3298425
3298835
3299389
3299555
3301347
3301528
3301824
3302479
3305200
3306319
3306681
3307301
3307407
3308019
3309680
3310531
3312097
3313471
3314066
3314282
3316034
3316591
3317758
3319724
3319740
3321302
3321891
3322266
3322610
3323082
3326443
3328631
3329703
3329902
3329947
3330354
3331473
3332497
3333152
3335274
3336163
3337685
3337706
3338053
3339588
3339672
3339881
3342200
3342350
3342558
3343090
3343346
3344173
3345490
3347653
3348511
3349168
3349350
3350923
3351573
3351655
3353089
3353465
3353853
3355446
3357835
3357891
3358548
3358801
3360433
3361988
3362045
3363057
3367147
3368136
3369099
3370157
3371084
3371605
3373811
3375107
3377267
3377389
3377611
3378142
3378374
3378835
3379302
3380784
3381185
3382209
3382671
3382782
3383947
3385041
3385425
3385584
3385834
3386610
3386773
3387314
3387763
3389835
3390298
3393867
3394037
3397324
3397607
3398011
3398904
3400132
3400242
3400326
3401313
3401554
3401762
3402473
3406677
3407318
3407771
3408668
3409637
3409736
3410378
3410593
3411149
3411904
3412334
3413604
3413639
3415739
3421892
3422355
3422858
3425233
3426018
3431319
3431452
3432579
3434077
3434593
3434860
3436022
3436919
3438641
3438947
3438974
3439583
3440151
3441723
3442055
3442494
3442694
3442848
3444505
3446675
3447747
3449690
3450086
3450193
3451529
3452590
3452730
3455761
3456629
3457410
3457729
3458349
3458362
3458747
3458937
3459609
3460396
3460891
3461460
3461977
3462560
3465099
3466339
3468332
3468575
3468775
3469680
3471055
3475973
3476315
3476614
3476699
3476719
3476841
3476986
3477112
3478032
3479831
3480050
3480081
3482330
3482646
3483049
3484627
3484659
3484683
3485089
3485626
3486140
3486759
3487251
3489025
3489574
3493524
3493565
3493836
3496118
3497431
3498033
3498533
3501937
3504702
3504759
3505298
3505951
3506796
3507134
3511891
3511958
3513106
3515376
3515483
3516212
3517096
3517993
3518181
3518513
3519233
3519733
3519807
3520155
3520369
3520937
3522358
3523822
3525282
3526662
3526722
3526792
3528932
3532306
3532707
3533323
3535034
3536606
3539389
3540542
3540987
3541294
3541301
3542677
3542962
3543039
3543885
3543940
3544796
3544916
3544958
3547389
3547503
3547731
3547864
3548282
3548662
3550775
3551994
3553352
3553944
3554053
3554731
3555185
3556316
3557471
3559112
3562486
3565279
3565398
3565494
3569311
3569895
3570068
3570505
3570541
3571267
3571604
3572083
3573735
3573991
3575364
3578122
3578763
3579455
3579929
3580678
3581080
3582014
3582588
3582738
3582863
3583733
3585388
3587036
3587708
3588420
3588672
3592128
3592449
3592724
3593257
3593955
3594050
3594309
3596681
3596728
3598033
3598788
3599587
3600195
3600701
3602616
3602784
3603369
3604233
3605381
3605919
3606270
3609004
3610096
3610213
3610761
3611346
3611886
3612333
3613038
3614786
3614815
3615938
3616249
3618879
3619276
3619296
3620792
3620867
3621402
3622234
3625383
3625400
3626047
3628101
3628661
3629921
3630008
3630311
3630335
3630852
3630978
3631515
3631572
3631943
3632626
3632777
3632966
3634665
3634732
3635857
3636304
3636749
3638371
3639328
3639619
3639961
3640276
3640290
3640979
3641588
3642416
3642585
3642750
3643268
3644088
3645472
3646418
3647494
3647568
3648088
3648821
3649680
3651176
3651339
3651414
3653584
3654359
3654563
3657668
3658665
3660123
3660213
3662172
3664397
3664483
3664800
3664956
3666766
3668934
3669241
3669961
3670712
3670895
3672260
3672696
3675960
3676099
3677244
3677564
3679879
3680337
3683179
3685389
3686031
3686917
3687851
3689362
3691670
3691893
3692184
3693066
3694375
3695863
3695866
3697616
3698003
3698637
3699176
3700733
3703342
3703496
3703823
3705640
3707292
3708143
3708471
3708807
3709064
3709110
3710387
3710945
3712288
3714298
3714485
3714619
3714873
3715989
3717757
3718032
3719973
3721620
3721659
3722877
3723594
3725211
3725221
3725265
3726246
3728991
3729063
3729983
3731771
3732170
3736320
3736384
3736527
3736612
3736681
3737477
3737767
3738739
3739453
3739882
3741149
3742137
3742322
3742685
3743261
3744005
3745500
3745545
3745603
3745885
3746124
3746470
3747878
3748003
3748338
3749166
3750020
3750056
3750682
3751517
3751917
3752258
3754218
3754955
3756698
3757821
3757842
3758776
3759714
3759983
3760342
3760384
3760596
3761670
3762049
3762283
3762306
3765613
3765852
3765853
3765924
3767778
3768727
3769110
3771715
3771806
3772371
3774365
3776061
3777251
3777348
3778069
3778689
3778906
3779723
3779791
3779998
3780595
3782029
3782601
3783152
3783175
3783685
3784275
3784966
3785201
3785750
3785979
3786395
3787501
3787828
3790940
3792476
3792720
3792897
3794873
3796755
3796982
3797658
3798120
3798986
3800414
3801889
3802285
3802348
3802875
3802877
3803185
3805345
3806761
3807196
3807487
3808775
3808830
3810177
3812680
3812991
3814315
3814418
3814850
3816454
3817751
3817972
3819480
3819861
3821935
3822366
3823600
3823883
3825186
3825284
3826920
3826946
3827040
3828054
3828341
3828345
3828472
3829319
3831271
3832616
3833317
3833655
3834402
3834418
3835032
3836231
3837026
3838870
3839055
3839943
3841063
3841343
3845233
3845844
3846678
3846789
3847002
3847471
3847525
3847918
3848616
3848691
3848833
3850116
3851440
3854253
3855398
3855541
3855588
3855953
3856294
3856619
3857099
3857480
3862175
3863364
3866132
3866848
3868493
3869290
3869293
3870006
3871796
3872258
3874124
3874400
3875969
3876606
3877490
3879306
3879431
3884655
3885321
3886352
3888616
3889241
3889391
3889934
3889935
3890445
3892481
3892749
3893018
3893403
3893424
3894533
3895554
3896796
3897422
3898017
3899899
3903206
3903372
3903519
3904402
3906350
3907175
3907215
3907715
3907931
3908074
3910615
3910655
3910918
3912760
3914123
3915273
3915672
3916475
3916513
3917780
3918003
3918528
3919398
3920103
3921308
3922879
3924467
3924624
3924927
3926577
3926786
3928059
3928341
3929726
3930355
3931209
3931912
3932272
3934630
3935276
3936931
3938266
3938960
3941113
3941490
3941935
3943637
3946039
3946855
3947317
3948405
3949216
3951345
3952462
3952515
3952650
3953611
3953918
3954211
3954222
3954691
3954934
3955332
3957295
3958210
3959528
3959866
3962005
3963563
3964784
3965007
3965405
3965961
3967201
3968299
3971497
3972008
3973662
3973720
3974145
3974614
3975080
3979262
3979307
3979805
3980770
3983100
3984439
3984786
3985495
3986209
3988190
3989495
3990403
3991887
3993939
3994866
3998236
3998906
3999276
3999914
4001989
4004579
4005632
4005663
4006266
4006277
4007111
4007444
4009297
4010157
4010632
4010682
4010916
4011579
4012603
4013344
4015312
4016893
4017318
4018107
4020022
4020045
4020194
4022076
4022757
4024805
4025500
4025624
4025695
4026216
4027386
4027876
4028219
4029973
4030157
4030895
4031249
4032894
4033474
4035220
4035519
4036458
4037179
4037875
4042287
4042510
4045839
4046630
4046685
4047006
4047160
4048258
4049019
4050395
4051289
4051455
4053745
4053839
4054737
4056414
4056800
4056804
4057128
4059943
4060317
4060835
4061710
4061850
4062435
4062954
4064529
4064558
4064764
4065489
4065701
4065820
4068189
4068192
4068372
4069364
4069569
4070203
4070269
4070821
4073008
4073437
4076408
4078133
4079554
4081204
4082205
4082260
4083243
4083693
4083793
4084019
4085905
4086644
4090498
4090562
4092341
4093775
4094140
4094176
4094920
4095092
4097827
4098969
4100118
4100311
4100496
4100561
4101254
4102025
4103497
4103758
4104142
4104408
4105117
4105223
4108446
4110259
4112189
4114841
4115616
4116175
4116375
4117015
4117175
4117480
4117535
4121201
4124065
4124439
4124545
4127615
4127968
4128671
4129278
4130569
4131883
4132321
4133320
4134014
4134806
4137241
4137937
4139053
4139297
4140519
4140859
4142663
4142959
4143470
4144166
4144972
4147917
4149055
4151402
4154314
4154447
4154702
4155818
4156805
4157711
4158754
4158791
4161167
4162202
4164153
4165935
4166722
4168522
4168567
4169375
4171071
4171137
4171182
4173811
4175390
4175414
4175937
4176016
4176195
4176657
4177326
4178303
4178667
4179658
4182646
4183901
4183980
4184783
4184999
4185003
4185947
4188826
4189012
4190762
4191623
4192775
4194229
4194511
4194657
4194953
4195352
4196307
4196737
4198477
4201581
4202405
4203331
4204053
4206460
4207950
4210443
4210735
4212766
4215001
4215956
4219639
4220968
4221440
4221525
4222278
4222550
4222716
4225814
4225914
4227524
4227931
4228357
4230024
4231195
4232436
4233898
4234367
4235398
4235723
4236206
4236619
4241230
4243600
4244030
4244033
4246808
4250603
4251345
4251922
4253728
4255051
4255986
4257095
4257870
4258240
4258675
4259268
4260737
4261802
4263094
4264206
4264909
4265393
4266302
4268483
4268804
4268915
4268920
4268987
4272757
4276965
4277298
4277684
4279420
4281462
4281939
4282590
4285262
4285566
4286840
4287581
4287644
4287836
4288620
4288921
4289250
4289578
4289679
4289692
4290766
4290822
4291515
4292044
4293211
4294922
4295044
4295884
4296656
4296895
4297283
4299953
4300136
4300920
4301436
4302700
4303699
4303988
4304580
4304590
4305672
4305786
4307512
4307679
4308118
4308688
4309115
4309386
4309443
4309490
4309612
4309866
4310095
4310337
4311428
4313718
4314073
4314472
4314822
4315557
4317897
4318410
4318581
4319700
4321755
4321952
4323333
4323705
4323719
4324881
4325509
4326669
4326725
4327029
4327929
4328153
4328410
4328764
4328820
4329196
4329406
4329619
4330894
4331321
4331900
4332090
4332332
4334015
4334024
4334660
4334912
4336715
4337818
4337867
4339314
4339555
4340462
4340842
4341085
4341421
4341860
4343755
4344041
4344329
4345186
4345651
4345707
4348580
4348814
4348867
4349807
4352731
4352748
4353071
4354362
4354475
4355413
4355524
4356298
4358003
4360421
4361553
4365251
4365719
4366162
4366271
4368627
4370613
4371741
4372941
4373524
4373965
4375519
4376501
4376625
4378042
4378432
4378587
4381187
4381319
4383375
4383973
4384154
4387258
4387698
4388606
4389058
4389760
4390319
4390456
4392122
4392193
4392328
4392663
4394232
4394935
4395674
4397349
4397783
4398753
4402500
4402809
4403213
4403712
4406088
4407088
4410064
4410374
4411759
4411882
4413072
4413242
4413614
4413785
4413919
4414516
4416770
4418395
4418738
4419080
4419487
4420031
4420167
4420732
4423996
4424572
4424901
4425792
4425947
4427452
4428287
4429008
4429178
4429769
4430713
4432482
4432692
4432799
4433481
4433692
4436320
4437192
4438095
4438205
4438530
4440606
4440743
4440761
4441011
4444240
4446364
4446463
4448791
4448792
4449290
4449374
4452429
4453642
4453915
4454804
4455200
4455269
4456021
4456999
4459178
4459761
4461224
4461792
4461954
4465288
4465990
4466309
4466508
4466641
4466746
4466785
4467269
4468007
4468372
4468637
4468782
4472212
4472775
4472829
4475856
4476020
4476455
4476494
4478267
4478730
4478913
4479172
4482212
4483767
4484241
4484396
4484918
4485147
4486436
4486502
4489511
4489929
4494115
4494500
4497043
4497116
4497652
4497848
4498091
4498222
4499088
4499174
4502238
4502289
4503293
4505785
4506150
4509119
4511484
4511923
4513020
4514519
4515381
4516359
4517981
4518185
4519179
4519312
4519706
4521584
4521796
4523032
4524761
4525201
4525638
4526302
4528641
4531010
4531057
4532717
4533462
4534059
4535735
4536970
4537902
4538381
4538906
4541105
4541135
4541904
4544064
4544689
4544814
4546318
4548614
4548642
4550150
4550823
4552158
4554008
4554343
4554439
4555335
4556951
4558603
4559120
4559124
4559764
4559836
4560340
4562830
4563004
4564191
4564242
4564280
4565630
4565760
4566202
4567562
4569615
4572230
4573097
4573146
4576433
4577432
4577458
4578820
4578900
4578905
4579877
4579892
4581325
4582370
4583312
4584660
4585351
4587144
4588073
4588074
4588300
4589711
4589780
4590893
4592235
4593117
4593749
4594257
4594971
4595538
4596148
4596359
4597745
4598112
4601224
4601679
4602919
4603250
4603842
4603958
4604281
4604657
4605622
4606395
4606716
4608048
4608831
4609269
4610053
4610123
4611966
4614031
4614708
4614866
4616735
4617133
4618062
4618767
4619304
4620722
4621015
4623888
4624181
4624785
4625288
4626065
4626168
4628099
4628202
4629163
4630653
4630718
4630847
4632109
4633061
4633625
4634331
4634714
4637196
4637850
4639272
4639399
4640514
4640812
4641176
4642756
4642793
4644202
4645613
4647294
4647794
4647986
4648253
4648478
4648817
4649314
4649550
4649560
4649972
4650074
4650556
4651735
4654483
4654541
4654697
4655291
4655968
4657186
4657227
4657411
4659838
4660468
4661215
4661221
4661287
4663830
4664456
4665082
4665429
4665661
4666727
4667053
4667194
4667212
4671394
4671466
4673302
4673644
4674391
4676132
4677906
4678908
4678954
4680496
4682565
4684171
4684580
4686407
4686937
4687162
4687249
4687787
4689566
4689829
4691111
4691694
4692779
4694317
4695752
4696830
4697495
4697558
4699056
4699978
4700097
4702107
4702222
4702266
4702705
4702975
4705345
4705584
4705922
4706394
4706911
4707585
4707836
4710178
4710577
4710579
4710862
4711629
4711901
4711907
4714116
4714485
4717309
4719604
4722338
4722407
4722869
4723397
4723982
4724703
4725841
4728206
4728560
4728850
4730116
4730199
4730653
4732514
4732838
4732847
4732939
4733396
4733728
4734789
4738262
4740898
4741223
4742972
4743535
4743942
4746308
4746891
4747352
4748057
4749306
4749918
4750065
4750645
4750732
4750927
4753101
4753304
4753894
4754450
4755236
4755263
4757955
4760163
4760223
4760349
4763125
4763593
4763686
4763941
4763989
4765366
4765632
4765643
4765771
4765888
4765939
4766261
4766329
4769048
4769474
4770198
4770797
4771228
4771435
4774606
4777180
4778165
4778753
4778841
4780766
4780938
4783135
4783904
4784545
4784699
4785380
4785440
4785468
4786743
4786761
4787495
4788017
4788320
4788757
4789448
4791376
4791683
4791797
4794311
4795292
4799361
4800526
4801275
4801394
4801770
4801862
4801975
4802090
4802240
4802442
4804088
4804229
4804463
4805871
4809184
4809354
4809537
4810030
4811163
4812835
4813048
4816162
4816295
4816654
4816890
4817863
4818368
4821251
4822447
4825359
4825731
4829318
4829399
4830400
4835880
4836062
4837318
4839288
4840604
4840781
4842648
4843046
4843575
4844413
4844489
4845574
4846514
4848605
4848689
4848911
4850356
4852387
4853091
4854632
4854948
4857534
4857835
4858970
4861938
4862486
4863924
4865099
4865604
4866479
4867940
4871029
4872997
4874318
4874621
4876621
4876835
4877152
4877730
4878054
4878343
4880826
4881847
4882346
4883363
4884845
4885024
4885096
4886703
4886732
4886811
4886932
4887394
4887426
4888865
4890336
4890520
4891534
4892320
4892949
4895964
4898461
4899300
4899353
4900415
4900854
4902060
4904671
4906103
4906235
4906924
4908970
4910935
4911713
4913373
4914515
4914969
4916548
4916831
4918883
4919328
4923267
4923889
4925850
4925895
4926226
4926997
4927299
4928891
4931021
4931494
4933959
4934048
4935141
4935947
4936567
4936702
4937547
4939896
4940625
4940706
4941651
4942053
4942406
4944002
4947735
4948085
4948689
4951871
4952533
4955028
4955141
4955553
4956041
4957651
4958587
4958832
4959493
4959639
4959751
4960253
4963534
4966401
4967722
4968237
4969235
4970677
4971417
4971938
4972650
4973193
4973904
4974196
4975225
4975544
4975656
4975783
4978364
4978536
4978706
4980317
4981499
4981751
4983851
4986591
4986662
4986712
4986868
4987731
4988310
4991725
4993064
4993936
4995826
4996180
4996342
4996370
4996681
4998346
4998957
4999066
5000052
5001329
5001949
5002474
5002540
5003184
5003778
5004435
5005424
5005792
5006191
5007720
5009170
5009895
5010392
5010620
5013285
5013851
5014186
5014755
5015074
5015852
5017620
5019657
5020648
5022366
5023612
5023734
5023943
5024081
5024398
5024640
5025265
5025294
5025331
5028177
5030392
5030409
5030428
5030764
5032274
5032380
5032940
5034556
5035237
5035725
5035983
5036352
5036443
5038868
5040358
5040557
5041035
5042019
5042216
5042737
5043179
5043460
5046696
5046730
5047038
5049768
5049932
5050810
5051244
5053997
5054184
5054196
5054945
5055327
5055586
5055778
5056839
5057260
5057996
5058627
5059743
5060125
5060611
5061060
5061527
5061711
5062895
5063447
5063512
5063702
5063955
5064040
5066900
5067343
5068166
5068260
5068585
5068683
5069064
5070588
5070693
5071664
5074036
5076394
5077612
5077653
5078066
5079834
5080073
5081096
5081292
5081615
5081864
5082211
5082211
5082970
5084394
5084693
5085687
5087184
5087900
5094047
5095289
5096028
5098707
5100893
5101036
5104087
5105685
5107142
5108139
5108405
5108686
5109495
5110478
5112173
5113019
5113145
5114231
5115673
5116591
5117512
5118652
5119516
5119542
5120026
5120623
5120951
5123419
5124260
5124703
5125666
5125800
5126462
5126475
5129397
5130915
5131748
5131773
5132047
5132423
5132636
5133331
5133471
5134627
5134702
5134760
5134838
5136401
5137438
5138340
5139295
5140474
5140566
5140650
5142556
5143286
5146758
5148317
5148870
5149232
5151023
5151030
5151459
5152282
5152671
5153615
5153703
5153933
5153992
5154832
5155235
5155398
5155446
5157149
5157268
5157943
5158385
5158599
5158815
5159153
5160511
5160844
5161746
5162154
5162282
5162288
5164083
5164413
5164426
5164630
5164671
5165229
5165672
5166616
5167118
5170081
5170888
5171358
5171495
5172341
5172779
5174749
5174957
5179355
5179794
5179821
5179906
5180440
5180992
5181361
5183024
5183964
5184061
5184229
5184759
5185161
5186101
5186254
5186541
5186573
5186722
5187005
5188366
5190199
5190495
5191836
5192063
5193134
5193146
5196903
5198395
5198920
5199225
5199513
5199631
5199658
5199944
5200581
5201324
5201492
5201808
5201916
5202266
5207013
5207087
5207545
5210034
5210351
5211014
5211423
5211453
5211584
5214596
5214631
5217116
5219907
5222082
5223382
5223685
5224906
5225086
5225346
5226102
5234532
5235047
5236108
5237320
5237433
5238029
5238545
5238645
5239450
5240080
5240241
5240276
5242263
5247786
5248607
5248989
5249709
5249994
5250257
5252729
5253236
5253522
5253679
5254132
5254621
5256318
5257498
5259800
5260387
5263195
5263245
5266204
5266728
5267414
5267574
5268132
5268177
5268395
5269407
5270806
5270808
5271704
5273013
5274033
5274705
5275085
5276075
5279488
5280749
5280796
5281497
5281516
5283323
5284016
5284526
5284729
5285240
5286075
5287200
5287928
5288252
5288318
5289728
5290212
5290247
5292701
5293293
5295569
5295831
5295976
5297225
5299793
5301940
5302701
5303512
5303554
5303927
5304007
5305986
5306109
5309108
5310304
5311780
5311824
5312115
5312355
5312599
5312750
5312882
5313894
5314914
5316929
5317003
5317488
5318202
5318247
5319242
5319958
5320498
5320793
5321136
5322110
5322345
5322368
5322901
5323181
5324496
5324769
5324997
5326121
5326180
5326786
5326979
5327610
5328154
5328804
5329303
5330789
5331459
5331972
5333574
5334141
5334610
5335382
5336350
5336767
5337781
5340444
5342240
5342313
5342389
5344039
5344174
5344523
5345272
5349333
5349506
5349850
5352562
5352684
5353169
5353276
5353313
5354689
5355457
5358708
5359455
5359914
5361310
5362034
5362321
5363188
5363604
5363806
5364617
5365003
5365275
5365857
5366001
5366300
5366582
5367772
5368110
5369145
5369983
5370385
5370486
5371966
5373192
5373679
5374474
5375636
5376144
5376156
5376964
5377118
5380867
5381839
5382618
5383489
5383748
5385166
5386470
5386690
5387682
5388044
5388422
5390675
5390787
5391202
5393861
5396029
5396884
5397107
5398230
5398357
5399402
5400106
5400559
5400720
5401115
5402345
5402622
5402803
5404227
5406053
5407499
5407773
5409165
5409851
5410855
5410979
5411839
5411978
5413571
5414374
5414636
5415091
5416240
5416415
5416740
5417785
5418854
5418984
5419212
5422625
5423064
5423748
5424929
5426429
5426796
5427162
5427166
5427203
5427360
5431930
5432427
5433936
5437787
5437952
5438716
5442439
5442608
5446095
5447130
5447273
5447465
5448333
5450306
5450922
5451522
5451577
5452554
5453086
5454507
5454520
5454739
5454770
5455377
5455723
5456189
5456625
5456810
5458278
5458396
5459142
5459651
5459849
5460867
5462355
5465437
5468064
5468350
5468476
5469472
5471236
5471390
5471557
5471732
5473519
5475851
5477203
5478306
5479226
5479752
5483012
5483192
5483833
5484111
5485051
5485129
5486662
5486806
5487715
5488079
5488113
5490660
5491003
5491050
5493767
5496203
5496252
5498007
5498235
5499161
5499575
5499727
5499842
5500033
5500278
5501812
5502523
5502994
5504149
5504481
5505444
5506429
5506677
5511277
5511660
5513018
5513593
5515878
5515882
5516261
5517034
5517525
5517809
5517929
5518327
5519003
5519083
5519649
5520568
5521160
5521427
5521979
5522084
5522896
5524410
5524837
5525432
5525795
5526344
5526675
5527334
5527423
5528626
5528834
5529759
5530204
5531403
5531505
5531915
5532021
5532721
5533471
5535194
5535267
5535896
5536744
5536901
5540498
5540729
5541016
5541796
5542054
5545656
5546776
5547025
5548664
5549202
5549312
5549425
5551008
5555118
5557113
5558199
5558484
5558991
5558995
5560781
5561904
5562591
5562622
5564745
5565017
5565532
5568527
5569503
5570275
5570814
5571560
5572327
5572335
5572469
5573668
5576190
5577583
5578638
5578990
5579514
5579760
5579884
5580337
5580666
5581517
5581894
5585333
5586040
5587942
5588504
5588935
5589322
5589581
5590006
5590634
5590880
5592655
5593205
5595487
5595774
5596793
5597020
5597124
5597329
5597428
5597640
5598466
5598664
5598944
5600286
5600527
5600700
5603747
5604702
5605147
5607657
5607849
5608189
5608338
5608420
5608632
5608665
5608803
5609183
5609519
5609823
5610453
5610490
5610871
5610955
5611369
5611744
5614529
5615482
5615906
5616240
5617253
5617800
5619657
5620491
5622676
5624244
5625481
5627006
5627553
5628341
5628528
5629587
5630275
5630520
5632403
5632531
5632834
5632894
5635603
5637225
5637580
5639284
5643278
5644012
5644271
5644530
5648070
5648665
5650195
5651910
5652123
5652570
5653800
5653814
5655063
5656828
5657493
5658708
5658765
5658767
5658838
5659305
5659659
5659975
5660004
5661177
5661881
5662500
5663312
5663337
5665172
5666763
5667532
5670619
5671567
5671724
5672681
5673118
5673444
5673761
5676158
5676606
5677615
5677898
5677961
5678574
5678984
5679688
5682683
5683332
5683652
5684851
5686523
5686651
5686692
5687137
5687838
5687997
5688762
5691576
5691797
5693468
5694082
5694499
5694737
5695152
5695191
5696135
5697226
5697306
5697676
5701064
5702654
5703262
5703531
5704327
5706319
5707222
5708560
5708722
5708835
5710424
5710723
5712470
5712518
5714493
5715278
5716170
5717164
5718490
5718835
5719165
5719462
5719869
5719962
5721038
5721697
5722165
5723261
5724377
5724537
5725707
5726093
5726214
5726372
5727925
5728963
5729961
5730470
5731324
5731949
5734256
5736555
5737257
5737444
5737831
5739507
5739720
5739897
5741554
5742128
5742669
5743713
5745528
5748082
5748505
5748699
5751691
5752441
5754415
5754795
5756823
5757298
5757501
5758372
5759331
5760187
5760510
5761105
5762428
5763147
5763630
5763767
5763917
5765323
5765672
5766244
5766334
5766778
5766954
5769963
5771142
5771823
5773336
5773614
5774035
5774497
5776110
5776848
5777561
5777595
5779451
5779511
5779659
5781373
5784243
5784388
5785097
5787297
5787395
5787894
5790620
5790678
5790762
5790878
5792356
5794540
5794780
5796222
5796717
5797115
5798749
5800352
5800749
5801643
5801730
5801861
5802420
5802628
5803035
5804108
5804109
5805565
5805588
5805985
5808642
5811144
5811953
5812855
5813364
5814535
5815328
5815652
5817593
5818110
5818394
5819847
5820448
5823267
5824493
5824753
5826149
5826539
5826832
5828499
5829915
5830669
5831747
5832021
5832925
5833512
5834162
5834485
5834687
5834817
5836052
5836435
5836726
5836903
5838926
5838965
5840815
5842044
5843225
5843255
5844848
5845231
5847977
5849959
5851517
5851550
5853179
5854040
5854823
5855161
5855847
5855988
5856029
5858628
5862139
5866674
5868055
5868133
5869641
5870283
5870882
5871212
5871227
5871614
5872213
5872220
5873796
5874541
5874780
5876081
5878818
5879206
5879348
5879872
5880490
5882958
5883090
5887902
5888553
5890012
5890397
5891150
5892380
5893956
5898725
5899938
5900367
5900974
5901931
5902791
5903363
5903804
5904563
5904589
5907129
5907426
5908467
5908600
5908639
5908805
5909257
5909383
5909678
5911068
5911203
5911333
5911528
5911858
5912612
5913752
5914776
5915822
5915936
5915987
5916209
5916439
5917805
5918812
5918856
5919179
5921647
5923417
5923644
5923751
5926182
5929485
5929772
5929899
5930766
5932257
5932972
5933673
5933873
5935001
5935064
5935782
5936027
5936800
5937501
5938368
5938460
5938731
5939934
5941245
5942225
5943542
5944079
5944487
5945335
5945857
5946784
5947661
5949059
5949228
5949328
5950770
5951666
5952287
5954059
5954187
5956262
5956298
5956815
5957189
5957988
5958146
5961456
5961624
5962601
5962647
5963711
5967677
5967944
5968111
5969959
5972999
5973996
5975117
5975377
5976792
5977095
5977133
5978489
5979844
5981084
5982113
5983013
5983469
5983756
5985053
5985943
5986060
5986267
5986639
5987959
5989266
5989576
5990496
5990530
5990936
5991147
5993551
5993631
5993634
5993732
5993899
5994020
5994126
5995278
5996278
5996352
5998307
6001311
6001840
6001889
6004537
6005661
6005787
6006242
6006280
6006532
6007060
6007344
6007544
6009115
6009177
6009602
6010757
6013791
6014218
6015743
6016718
6018101
6020361
6021412
6022249
6022882
6022922
6023000
6024181
6024356
6025581
6027898
6028501
6028818
6029078
6029478
6029607
6034010
6034252
6034453
6035487
6035617
6037873
6041500
6042481
6042613
6045537
6045642
6046117
6046308
6046590
6047318
6047399
6048917
6049305
6049723
6052216
6055198
6055446
6057434
6058611
6059129
6061193
6061457
6061556
6061642
6062432
6063908
6064628
6065285
6065566
6070384
6070589
6070807
6071088
6072842
6073903
6076323
6077426
6080977
6081306
6081433
6081796
6081866
6082884
6084440
6085621
6085804
6086737
6088410
6088623
6089327
6089668
6091759
6092230
6092485
6094579
6094869
6095235
6097609
6097695
6097762
6098046
6098175
6098220
6098554
6098704
6098709
6099751
6100102
6100187
6100988
6102261
6102787
6103100
6103316
6103401
6104655
6104674
6105620
6107187
6107383
6109036
6110342
6110458
6111425
6112556
6112558
6112938
6113167
6113250
6114038
6114450
6115158
6115389
6116027
6116632
6116858
6118114
6119116
6120052
6121016
6121309
6121551
6121811
6126934
6128276
6129153
6129600
6130933
6134229
6134801
6134870
6135505
6135813
6136285
6136401
6136690
6137071
6137551
6137602
6138323
6141162
6144350
6146882
6147228
6148158
6148743
6148851
6149101
6149174
6150543
6151017
6151161
6151671
6152690
6156830
6157090
6157599
6158202
6160114
6161410
6161588
6161974
6163198
6163277
6165589
6165890
6165963
6167707
6168082
6170808
6171845
6172771
6174125
6174360
6178632
6180551
6181656
6182515
6183011
6183212
6183361
6184668
6185194
6185567
6186260
6187135
6187567
6191541
6192811
6193329
6194442
6194558
6196999
6198028
6198668
6198798
6200748
6200971
6201934
6203621
6206245
6206691
6206886
6207916
6208222
6208297
6209682
6209809
6210145
6211781
6211855
6213791
6215493
6218978
6220752
6221349
6221390
6222089
6222566
6223531
6223736
6224113
6224252
6226199
6226347
6226668
6228673
6228941
6231164
6231168
6232323
6232579
6234686
6238556
6241167
6242098
6245085
6245254
6247075
6248321
6251269
6252859
6255306
6255313
6257161
6257324
6257346
6257767
6260442
6261442
6264564
6264640
6265466
6267027
6267075
6268569
6268897
6268919
6269712
6269936
6270132
6270341
6270609
6270614
6270676
6271279
6272241
6272671
6273297
6276561
6278141
6278506
6279260
6279365
6279869
6281517
6283061
6285632
6287230
6287790
6287990
6289007
6291389
6292745
6294549
6294859
6295193
6296243
6298185
6298707
6299139
6303694
6304028
6305189
6305978
6306164
6306406
6306782
6307078
6307138
6307525
6308319
6309146
6309988
6312746
6314790
6315307
6315695
6315758
6316140
6317303
6317668
6317714
6318642
6319766
6320843
6321736
6322856
6323975
6325552
6325645
6326002
6326045
6326205
6326696
6326748
6327184
6327589
6327821
6329943
6330261
6330602
6331908
6334311
6335302
6335481
6336244
6336813
6336829
6338416
6338724
6338935
6340159
6342930
6343795
6345693
6347243
6350401
6350867
6352275
6354303
6354825
6355891
6357066
6358303
6358617
6358730
6358986
6359278
6360109
6360204
6360287
6363724
6364608
6366341
6366576
6367164
6367342
6368212
6368212
6369909
6370499
6371111
6371673
6373317
6376482
6376527
6377528
6378498
6379132
6379242
6381273
6381968
6382023
6383791
6385041
6386764
6386996
6390427
6391385
6392522
6394109
6394309
6395946
6396358
6398456
6399257
6401276
6401982
6403725
6404390
6406355
6408210
6409755
6410772
6412350
6413435
6413475
6414426
6414790
6416754
6418021
6418049
6418393
6419335
6422186
6422592
6423682
6425344
6425738
6426152
6426322
6426468
6427788
6428954
6432347
6432741
6434472
6435225
6435419
6436368
6436569
6436917
6436990
6440549
6442565
6443003
6444934
6445278
6445278
6446624
6447734
6447744
6447889
6449981
6450390
6450632
6450764
6451562
6451918
6452514
6452603
6453751
6457540
6457695
6459158
6459706
6460226
6460269
6461831
6462471
6464373
6466351
6466364
6467730
6468182
6468518
6468648
6468709
6468915
6469838
6471255
6471705
6471751
6475494
6476138
6476396
6479755
6480792
6481433
6484092
6484687
6485376
6485681
6486668
6489196
6489420
6491375
6491987
6493029
6494767
6495724
6497190
6498543
6499020
6499189
6500313
6501751
6502778
6503815
6504677
6506413
6506589
6506880
6507580
6507871
6507918
6508026
6508331
6508696
6509140
6510329
6510508
6510643
6511946
6512218
6512917
6514089
6515097
6515199
6517223
6517685
6518251
6518680
6519421
6519644
6520151
6520577
6521972
6522903
6523051
6523891
6524572
6526276
6526591
6527524
6527936
6528263
6528810
6529500
6531344
6532703
6533359
6534096
6535718
6536842
6539645
6540452
6540824
6540949
6543123
6543937
6544421
6544682
6544736
6547949
6552453
6554320
6555349
6556313
6557117
6557234
6557562
6558394
6558451
6558591
6559059
6559167
6560449
6560535
6562006
6562237
6564844
6565039
6565786
6566093
6567608
6567723
6568202
6569651
6571463
6574104
6574673
6574750
6575542
6575890
6576403
6577102
6577928
6578536
6578824
6579453
6579845
6580903
6581113
6581430
6581639
6582597
6583912
6584098
6584387
6584438
6584772
6585041
6585653
6588179
6589148
6589666
6589998
6591391
6591458
6591811
6592208
6594688
6595327
6595872
6598662
6599864
6600481
6600775
6601092
6601364
6603185
6603797
6604147
6604992
6608186
6608227
6609894
6611242
6613860
6615635
6615692
6616539
6617247
6619484
6619758
6620702
6620775
6620874
6621759
6622357
6624801
6625278
6625420
6625851
6626597
6629044
6629134
6629562
6629626
6630348
6630641
6631056
6631242
6633335
6633522
6634082
6636125
6636617
6638230
6638458
6638724
6639938
6641466
6643012
6646187
6647473
6647821
6648205
6648332
6648390
6648809
6649547
6651519
6652034
6652228
6652607
6653231
6654172
6655487
6655621
6655808
6657381
6657571
6659793
6660874
6661964
6663163
6663638
6665554
6665708
6666352
6666675
6668572
6671526
6673753
6674978
6677362
6680494
6684702
6688633
6688976
6690083
6690404
6692932
6693566
6694087
6695196
6695320
6695804
6697809
6698694
6699298
6700337
6700709
6700805
6701027
6701101
6701810
6701844
6702585
6702822
6703036
6703231
6704947
6706882
6708230
6708261
6708812
6709715
6710821
6711280
6713317
6713712
6714320
6714411
6714737
6715840
6715956
6716518
6717400
6719802
6721107
6722782
6725103
6729399
6730295
6731803
6732466
6732625
6732668
6733144
6733748
6735365
6735498
6736478
6737938
6738208
6740122
6740215
6742029
6742841
6743467
6744902
6746107
6747787
6748071
6750162
6752379
6753301
6754020
6755962
6757101
6757757
6758274
6760361
6760969
6761361
6762630
6763752
6763930
6764093
6764664
6767453
6768922
6769151
6770047
6771014
6771654
6773273
6775775
6775957
6776486
6776535
6778858
6779151
6782691
6785168
6785170
6786230
6786521
6786761
6786815
6787428
6788750
6790761
6791132
6791331
6792556
6792912
6795483
6796433
6796936
6797802
6798557
6799593
6801082
6801145
6801360
6801577
6801854
6802114
6802179
6802238
6802867
6809257
6810270
6810314
6810357
6810800
6812402
6814112
6814201
6814329
6814641
6817038
6817316
6819467
6819736
6819899
6820562
6820844
6820861
6821303
6821447
6822880
6824069
6824140
6824459
6825450
6826642
6828651
6829999
6831275
6831628
6833499
6834959
6835278
6835954
6837512
6838802
6839727
6840423
6841032
6841113
6842693
6843546
6844913
6845616
6846964
6847422
6848444
6848685
6849048
6849495
6849707
6852223
6852560
6853621
6853717
6854665
6854773
6855688
6856117
6858056
6859702
6859808
6860582
6860913
6861291
6861593
6862367
6863056
6863238
6863376
6863646
6864233
6865886
6866309
6866947
6867168
6868342
6869452
6869457
6869544
6871323
6872013
6872266
6872418
6872985
6874684
6875266
6877527
6878082
6878416
6879355
6880894
6881043
6881552
6881612
6883055
6884001
6885319
6890347
6891134
6892335
6892910
6893007
6893258
6893761
6895906
6895993
6900092
6900680
6901436
6902069
6904019
6904588
6907781
6908277
6910078
6911305
6911870
6913881
6915319
6915592
6916168
6917504
6917508
6917700
6918509
6919783
6920134
6921768
6922479
6922516
6922549
6923619
6924382
6924487
6928859
6931876
6931895
6932359
6932433
6932540
6933590
6934391
6934467
6938041
6938059
6940105
6940545
6940938
6941638
6942362
6942707
6944347
6946027
6946182
6946470
6946641
6946954
6947231
6947780
6949464
6953153
6953857
6955664
6958154
6958649
6960391
6962505
6964739
6966992
6967394
6968205
6968743
6970579
6972707
6972756
6973662
6974184
6976708
6976886
6977584
6977889
6977989
6978840
6981279
6981730
6983071
6983317
6985355
6985439
6985530
6987514
6988060
6989305
6991643
6991711
6992337
6992648
6993614
6996528
6996845
6997601
6997615
6997920
6998386
6998437
6999000
6999777
7001073
7002780
7004019
7004127
7006178
7006882
7007470
7009263
7010152
7011170
7012129
7012416
7012892
7013272
7013315
7013538
7015137
7015166
7015863
7017898
7018022
7018221
7018678
7019016
7019098
7019578
7019609
7019722
7019954
7023743
7023874
7023953
7024706
7026025
7026481
7026940
7027247
7027885
7028230
7028973
7028982
7029226
7029253
7029349
7029420
7030117
7031227
7032398
7032575
7033164
7033679
7033936
7035342
7036551
7038547
7038969
7040165
7040792
7041276
7042034
7042274
7042838
7045237
7045976
7046706
7048066
7049490
7049677
7050574
7051986
7052164
7052891
7055516
7055664
7056674
7058261
7058745
7059545
7059965
7060121
7061762
7061976
7064501
7066591
7067528
7067727
7067909
7067994
7072312
7072789
7076124
7076239
7077293
7077933
7078918
7078975
7080918
7081641
7085535
7086714
7089342
7090631
7092523
7093267
7093840
7093962
7096207
7096334
7097262
7098230
7099858
7103024
7103957
7104432
7104615
7104632
7105984
7105994
7106034
7107544
7107929
7109045
7110065
7110399
7110990
7111070
7113075
7113254
7113868
7114412
7114814
7115039
7115720
7116210
7116273
7117248
7118485
7119334
7119996
7120592
7122786
7123041
7124091
7124415
7124419
7125047
7125118
7126717
7127533
7127872
7128168
7129952
7131106
7131738
7135215
7135492
7137900
7138222
7138691
7138897
7139519
7139844
7141350
7141823
7143682
7149451
7150041
7150492
7150871
7151600
7151692
7151697
7151879
7152811
7153137
7154759
7154834
7154875
7155425
7156200
7157129
7157699
7160822
7161353
7162167
7162259
7162307
7165551
7165696
7167191
7170928
7171452
7173643
7173921
7175107
7178111
7178702
7178908
7178974
7182751
7183161
7183263
7183496
7183904
7183970
7184233
7184415
7184630
7184653
7184810
7186328
7188545
7190644
7191296
7191611
7192734
7193216
7195500
7197386
7200393
7200405
7201893
7203032
7203038
7203857
7204055
7204580
7206468
7206535
7208406
7209423
7210281
7210689
7210952
7211587
7211612
7212079
7212630
7213643
7214089
7215198
7216076
7216846
7216959
7217659
7218416
7218897
7220021
7220527
7221281
7222321
7222332
7224061
7226612
7227394
7227919
7228036
7228645
7230180
7232980
7236903
7237723
7237961
7240589
7240773
7243232
7243873
7245328
7248984
7249026
7253672
7253809
7255153
7255362
7255678
7256815
7257364
7257478
7257583
7257612
7258019
7260534
7261006
7261285
7262001
7263185
7264616
7264922
7264953
7264969
7265063
7267695
7267841
7267964
7269406
7270027
7270976
7273154
7274235
7275088
7276435
7277263
7278136
7278929
7279784
7280452
7280677
7280869
7282535
7282757
7283539
7283580
7284337
7284443
7284655
7284971
7285329
7286302
7286663
7287076
7288134
7289865
7290615
7290794
7291737
7292990
7293388
7294314
7298759
7298868
7299453
7299511
7300343
7300810
7300906
7301389
7301430
7301539
7302415
7302640
7302688
7303089
7304086
7304667
7305451
7307292
7309628
7310619
7310796
7311289
7311718
7314517
7314554
7315926
7316070
7317437
7318826
7318980
7320573
7321164
7321650
7321818
7321921
7324099
7326279
7326399
7326740
7326930
7327727
7327738
7328785
7328858
7328935
7330893
7331228
7331265
7331960
7333678
7337337
7337550
7338477
7338857
7338943
7339497
7339640
7339948
7341929
7342185
7343625
7343930
7347982
7349198
7351042
7353128
7356440
7358781
7359299
7361820
7363233
7370004
7371091
7372577
7372940
7373509
7374599
7374838
7374899
7375824
7375911
7377669
7378613
7380559
7386158
7387587
7387859
7387883
7389437
7390680
7391325
7391810
7393199
7393704
7394097
7394345
7396240
7399363
7401596
7401599
7401864
7402250
7403579
7403895
7404609
7404905
7405709
7405846
7405991
7406012
7406422
7408650
7408819
7410064
7410621
7410728
7410831
7411119
7411439
7413121
7413146
7414872
7416944
7417743
7418710
7418864
7419891
7420190
7420871
7421309
7422211
7423600
7424047
7424064
7424947
7425097
7425204
7425548
7426224
7426971
7427733
7430372
7433171
7434716
7435394
7437626
7438852
7439592
7440459
7441060
7441877
7442422
7443187
7443712
7445838
7446233
7446354
7447196
7447725
7447904
7448828
7450359
7451310
7451650
7451810
7453283
7454235
7454652
7454723
7454801
7456441
7456925
7457334
7457590
7458328
7459524
7461996
7462947
7463305
7465203
7467031
7468028
7468462
7469163
7470851
7472452
7473099
7473404
7473964
7474950
7475817
7477605
7477889
7478178
7478423
7481449
7482869
7483467
7485490
7486502
7486609
7487400
7488106
7488288
7489269
7489733
7490305
7490625
7491306
7492323
7492861
7493166
7493761
7494664
7494914
7496748
7497366
7497850
7498575
7498634
7498755
7498863
7499067
7500549
7501507
7503633
7505348
7506948
7507659
7507723
7507998
7509162
7509935
7510568
7511041
7514402
7514908
7515661
7516469
7517296
7517629
7518035
7519572
7520082
7520763
7520895
7523765
7523821
7525811
7527316
7528118
7529226
7530863
7532182
7532653
7532692
7533007
7533236
7533407
7535429
7535520
7535688
7536508
7539135
7539249
7540768
7541314
7542385
7542404
7542872
7543977
7547643
7548063
7551775
7553098
7553254
7553541
7553783
7556029
7556329
7556663
7558458
7559150
7559955
7561641
7563215
7563934
7564825
7564953
7565190
7566516
7569003
7571661
7571946
7573480
7573570
7573903
7574019
7574758
7574923
7575219
7576114
7576246
7576284
7578198
7578321
7579092
7579846
7581264
7583557
7583875
7584386
7586713
7587257
7587769
7591207
7591246
7591721
7591923
7593002
7593519
7596455
7596738
7597948
7598350
7600022
7601047
7602783
7603845
7604195
7605118
7607642
7608904
7609869
7610467
7610817
7610877
7611448
7611887
7614369
7616893
7616963
7618490
7618550
7618660
7620159
7621503
7621609
7622457
7623090
7623106
7624778
7625170
7625635
7627143
7628065
7628872
7629927
7630825
7631041
7631892
7632761
7633013
7633625
7633805
7633901
7635446
7635752
7637269
7637388
7638647
7638697
7638909
7641129
7642493
7643512
7644490
7646454
7646651
7649876
7650990
7652850
7653876
7654344
7655323
7655489
7656184
7656291
7658484
7658677
7658950
7658998
7659185
7659448
7660688
7662645
7663230
7663601
7664435
7664594
7664645
7665164
7665658
7665672
7665802
7666672
7666984
7669830
7673046
7673177
7673801
7673849
7674041
7674550
7675126
7676375
7676748
7677154
7678261
7679741
7681794
7684574
7685586
7687630
7687678
7688056
7688392
7688794
7689077
7689441
7690897
7694017
7694841
7695520
7696658
7697042
7697820
7698963
7700149
7700164
7700777
7701684
7707151
7708244
7708346
7708610
7709721
7709994
7711349
7712176
7712722
7714462
7714632
7714937
7715741
7716169
7717184
7717589
7718237
7718927
7719528
7721354
7722334
7722516
7723637
7723723
7724419
7724733
7726779
7727066
7727699
7729726
7730061
7731605
7732499
7733098
7733843
7736819
7738256
7741308
7741528
7743511
7743817
7745995
7746118
7746207
7750085
7751301
7751495
7754372
7754643
7754796
7755465
7756518
7756926
7757519
7758215
7759024
7760590
7760718
7760864
7762681
7763531
7763837
7764085
7764974
7764989
7766906
7768290
7768403
7768839
7768944
7772301
7773748
7774207
7774455
7775787
7776266
7776297
7777032
7779426
7780458
7780654
7781652
7782632
7784447
7784907
7785535
7785583
7786179
7786194
7786637
7786815
7786919
7787057
7790245
7790575
7791210
7793789
7795861
7796233
7797665
7797913
7802326
7802659
7802715
7803953
7804203
7804336
7806776
7806999
7808336
7810163
7810334
7810461
7810836
7811483
7811820
7812552
7812903
7813386
7815838
7816230
7817633
7817637
7817707
7818069
7818558
7820206
7820241
7820484
7820871
7820977
7822057
7822213
7822855
7822968
7823148
7824568
7825525
7825680
7826651
7826876
7827242
7828417
7828947
7830729
7830775
7832522
7832593
7834223
7834229
7834833
7835695
7837125
7840129
7842004
7843959
7844105
7845232
7846401
7847038
7848459
7849361
7850306
7850671
7852381
7852753
7853868
7853946
7854272
7855096
7855448
7859195
7860521
7861975
7863225
7863896
7864118
7864980
7865406
7865810
7866075
7866472
7867767
7868112
7870494
7871034
7871607
7872774
7874024
7874196
7876530
7878907
7881562
7881795
7884671
7884854
7885681
7886058
7886902
7887939
7889526
7890702
7891264
7891737
7891791
7892464
7892668
7892987
7893131
7893814
7893951
7894744
7895233
7895927
7896848
7897377
7898081
7899538
7899923
7901342
7901400
7902835
7903486
7903807
7906124
7906207
7906403
7906602
7908179
7908374
7908402
7908882
7909480
7910526
7911992
7915728
7916526
7916577
7917770
7918212
7919002
7920295
7920957
7921607
7922849
7923160
7923402
7924209
7924844
7926638
7927713
7927803
7928157
7930223
7932232
7933157
7933952
7934130
7934682
7935518
7936288
7936549
7937250
7938209
7939190
7940021
7940635
7942075
7942369
7942990
7943016
7943720
7944958
7947992
7948176
7950178
7950421
7950558
7952471
7954762
7955209
7957515
7957690
7957963
7958639
7959095
7959903
7960299
7961255
7961709
7961868
7962345
7962865
7968917
7969557
7972901
7976034
7976486
7976565
7981064
7982218
7982850
7982918
7984953
7985723
7987841
7988023
7988893
7989622
7989834
7989866
7990071
7991074
7993670
7993957
7994159
7994279
7994868
7994995
7995607
7999103
8000167
8001050
8001375
8002620
8004187
8004322
8004530
8005042
8007246
8007713
8008179
8008908
8012554
8012770
8013291
8014035
8015267
8016582
8017117
8017623
8017746
8019185
8019461
8021447
8022146
8022327
8023070
8023129
8024016
8024301
8025867
8026804
8027228
8027733
8028548
8028984
8029013
8029426
8030633
8031729
8032910
8033273
8034505
8034584
8034944
8036775
8037202
8037285
8037369
8038480
8039712
8040775
8041233
8041569
8041576
8041697
8042248
8042478
8043217
8044317
8045458
8045476
8047563
8048166
8049512
8049641
8049672
8049777
8050107
8050788
8051375
8052890
8052926
8053576
8053663
8054433
8054729
8054740
8054759
8054959
8055525
8056087
8056091
8056651
8057225
8057591
8058732
8058770
8058872
8059842
8060057
8060417
8060492
8061944
8062099
8062298
8062466
8063518
8065588
8065663
8066244
8066538
8066738
8067294
8067334
8067846
8067900
8069225
8069286
8069380
8069542
8069593
8070734
8071943
8073593
8075380
8076293
8077020
8081064
8082274
8082362
8083116
8084206
8084391
8084446
8085105
8085187
8087235
8088148
8088971
8089910
8090698
8092153
8092201
8093440
8095400
8096135
8098319
8099040
8102885
8103063
8103111
8104294
8105078
8105479
8105741
8106658
8106695
8107356
8109631
8110624
8110668
8110869
8111442
8112152
8113224
8113891
8114624
8115296
8115373
8117867
8119665
8120500
8122044
8127289
8128614
8130077
8130421
8131791
8132244
8132527
8134444
8134553
8134826
8134964
8135180
8135617
8136364
8136504
8136705
8137887
8138340
8138484
8138582
8140544
8141009
8141091
8141826
8141949
8142520
8142527
8143282
8144113
8144452
8145218
8145436
8145832
8147315
8148480
8148739
8149513
8151537
8152184
8153850
8153974
8154525
8155097
8155570
8155710
8156607
8157523
8159031
8159513
8160728
8162206
8162316
8163372
8169633
8170523
8171601
8174919
8175367
8177477
8177610
8177713
8177921
8179422
8183932
8184506
8186010
8186503
8187185
8187843
8189326
8191492
8192132
8192264
8192590
8193543
8193651
8196861
8198298
8199107
8199200
8199720
8200218
8200268
8202000
8204934
8206031
8207896
8208092
8208645
8209877
8210744
8211771
8212156
8212576
8212984
8213153
8213184
8214686
8214926
8216449
8218145
8219289
8220083
8220119
8220289
8220581
8222417
8222843
8223744
8224771
8225851
8226126
8226132
8226359
8230329
8230767
8232137
8232999
8233271
8233341
8233654
8236553
8237040
8237582
8238080
8238793
8239066
8239508
8240283
8241139
8243980
8244163
8245549
8246071
8246258
8247460
8248135
8248525
8250458
8251288
8251429
8253043
8254010
8256839
8256966
8257594
8258259
8258400
8259660
8260897
8261655
8264523
8264973
8265113
8265893
8266306
8266773
8267943
8268460
8268904
8269666
8270032
8271036
8272955
8273336
8274662
8274713
8275280
8275330
8276085
8276605
8276656
8277155
8277775
8277935
8279003
8279016
8279114
8279613
8280689
8281604
8282124
8282309
8284235
8285877
8286240
8286544
8287205
8288561
8289331
8289390
8296124
8298056
8298397
8299957
8300676
8301464
8301603
8301977
8302542
8303019
8303047
8303295
8304794
8305484
8306142
8306432
8306599
8306622
8307898
8307916
8310205
8311850
8312281
8313225
8314409
8315648
8319090
8321732
8322993
8324143
8324331
8324493
8325249
8325768
8326292
8326492
8328008
8330678
8330786
8330945
8331691
8333182
8333369
8335034
8335167
8335475
8335709
8336446
8336513
8337034
8337454
8339400
8340351
8341756
8341817
8342147
8342307
8342680
8342778
8343123
8343184
8343231
8343413
8344252
8344605
8345158
8345410
8346336
8346792
8349982
8350350
8351096
8351243
8351751
8353758
8354133
8355693
8356771
8357327
8358829
8358927
8358973
8359335
8360463
8361048
8363071
8363476
8364162
8368201
8368878
8369530
8370510
8371502
8373784
8374736
8375013
8375269
8375404
8375528
8375745
8376362
8376555
8376952
8377071
8377655
8378215
8381151
8381597
8382044
8382165
8382197
8383090
8383623
8386334
8386443
8388402
8389317
8390862
8392610
8393953
8395055
8395230
8396472
8396904
8399327
8400076
8402385
8402558
8402826
8402929
8405233
8405490
8406273
8408316
8409315
8411122
8411523
8411930
8412153
8414273
8414337
8416024
8416477
8416962
8417881
8418629
8419031
8420446
8421708
8421948
8422437
8422917
8423228
8425209
8425880
8425992
8427238
8429724
8432547
8432558
8433783
8433859
8435507
8437362
8438626
8439244
8439686
8439787
8441024
8441901
8442067
8445173
8446369
8446504
8446780
8448796
8448989
8450471
8452937
8454628
8458252
8459091
8459270
8462297
8462944
8463034
8463552
8464115
8466058
8467080
8467776
8468604
8468875
8469214
8469824
8471613
8472344
8474551
8474934
8476799
8476912
8478272
8480283
8480440
8481278
8483114
8484633
8485464
8485889
8486664
8488184
8488864
8490139
8492467
8493751
8495968
8496724
8498983
8499685
8500386
8500881
8501622
8502501
8503425
8504001
8504882
8505580
8505648
8506245
8506496
8507384
8509731
8509774
8509873
8511057
8512067
8512135
8514452
8517309
8519309
8519332
8519658
8521515
8521889
8523795
8524220
8524237
8525479
8525715
8526637
8527096
8527689
8528082
8528922
8529928
8532520
8532612
8533541
8533720
8535774
8537450
8537656
8538764
8541378
8541689
8542304
8542603
8542907
8543541
8544216
8544996
8547495
8547934
8548070
8548120
8548934
8549677
8550454
8551599
8554964
8555800
8557712
8558703
8558833
8559594
8560151
8562512
8563283
8563724
8564555
8565174
8565686
8565906
8567387
8567491
8568403
8568430
8569231
8569497
8569597
8570413
8570881
8571377
8571503
8573421
8574472
8574744
8574985
8575174
8575346
8575898
8577745
8578239
8578568
8578679
8580049
8580966
8582663
8582919
8583422
8584153
8584401
8584672
8585457
8587664
8588063
8589537
8591185
8591618
8591735
8592551
8593682
8594128
8594195
8594821
8595928
8596891
8597076
8597179
8598442
8598962
8599057
8599253
8599571
8601153
8601725
8602239
8603108
8603402
8603624
8607712
8609217
8610944
8611267
8611551
8611687
8612484
8612820
8615660
8615678
8616087
8618540
8619125
8619925
8620448
8621827
8622077
8622912
8623677
8623818
8623988
8626113
8627188
8627319
8628538
8629650
8629767
8629944
8634209
8634625
8636746
8637470
8638270
8639671
8639743
8641211
8641575
8643162
8644073
8644609
8644913
8645337
8645354
8646150
8646187
8646902
8647556
8647745
8648525
8649491
8650071
8650369
8650461
8651803
8653844
8654406
8654675
8654741
8656779
8657652
8659200
8661703
8661810
8663789
8665844
8666431
8668583
8669466
8670574
8670659
8671936
8673148
8673351
8673598
8674384
8674764
8676767
8679633
8679664
8679755
8680088
8680313
8680642
8680761
8680773
8682323
8682844
8682909
8684557
8685928
8686337
8688538
8690119
8691883
8692773
8693111
8693646
8694608
8694712
8694740
8695844
8696337
8696478
8700239
8701099
8701146
8704708
8704880
8705094
8705557
8707370
8708051
8708667
8708727
8709015
8710065
8710525
8710838
8711980
8712488
8714761
8715373
8717682
8717717
8718400
8718951
8719076
8719732
8720148
8720738
8721946
8723654
8724948
8726070
8727278
8728325
8728621
8730326
8733246
8733778
8734231
8734388
8734565
8735068
8735993
8736649
8736714
8738233
8739105
8740382
8740434
8740534
8740886
8741706
8741809
8743060
8743259
8745955
8746338
8746585
8746779
8747307
8748660
8748959
8749048
8751245
8751397
8752221
8753297
8753828
8755154
8755490
8756103
8757110
8757256
8758007
8759232
8761862
8763281
8763999
8764164
8764405
8764423
8764856
8769498
8769975
8771623
8771774
8773542
8774050
8774400
8774451
8775566
8775653
8775930
8776194
8776540
8776767
8777227
8778245
8778354
8779375
8779721
8780240
8780253
8780864
8781109
8781607
8782016
8783787
8784676
8786452
8788730
8789046
8789357
8789577
8789733
8790633
8791176
8791264
8792491
8792986
8793530
8794165
8795054
8797225
8797994
8798148
8798890
8800854
8801135
8801834
8802348
8803024
8806606
8807469
8808374
8809357
8809953
8809956
8811902
8812026
8812827
8812950
8814472
8815385
8815752
8818218
8818495
8818955
8822204
8822378
8823081
8823406
8823693
8823949
8823952
8825623
8825908
8826623
8831599
8832049
8832753
8832961
8838633
8839603
8840088
8841086
8841306
8841730
8843146
8846774
8847774
8848223
8849116
8849203
8850007
8850455
8851008
8852821
8852911
8853289
8854748
8855574
8855608
8855983
8856387
8856741
8857662
8865537
8865549
8867914
8869534
8869802
8872993
8873671
8873847
8874019
8877052
8878184
8878437
8881532
8882967
8884098
8884474
8886325
8888768
8889814
8890097
8890976
8892311
8892419
8892854
8894127
8896100
8896768
8897984
8898222
8898397
8902230
8902307
8902397
8903121
8904180
8904320
8906212
8906480
8906688
8907220
8907273
8907727
8908490
8910650
8913595
8914004
8914114
8915240
8917835
8917943
8918161
8918439
8923002
8924980
8928742
8930485
8930522
8931247
8932205
8933948
8935634
8937063
8937657
8937777
8939473
8939639
8940770
8941272
8941517
8942998
8943413
8943559
8945194
8945566
8946214
8946753
8947646
8947891
8949574
8950179
8951475
8953173
8953278
8953552
8953753
8954265
8954517
8955568
8956619
8957822
8958974
8960914
8961079
8961092
8961850
8962806
8963658
8967212
8968099
8968850
8969390
8971467
8971935
8974591
8975426
8976098
8977173
8977356
8977956
8978741
8981978
8983291
8983934
8984915
8985201
8985897
8986158
8986545
8987272
8987401
8987575
8989682
8990359
8990654
8992732
8996080
8996825
8997630
8999131
8999676
9000115
9001263
9001375
9001736
9001901
9001988
9003411
9004053
9005321
9005435
9007072
9008072
9009453
9009504
9010441
9010678
9011299
9011679
9012022
9012129
9012436
9012981
9013250
9016966
9017861
9018469
9020493
9020542
9020810
9022506
9023475
9023738
9024390
9027712
9028185
9029252
9029786
9032192
9033334
9034398
9035036
9035046
9038127
9038719
9038880
9039106
9039884
9042666
9043000
9043757
9044316
9045278
9045585
9047596
9048010
9048771
9054120
9054288
9054480
9055487
9056070
9056513
9057000
9057749
9058436
9058591
9058943
9059023
9060078
9060567
9062668
9062860
9063530
9064077
9065752
9065900
9066090
9066230
9066702
9067061
9068554
9070110
9072514
9074581
9076017
9076668
9077410
9077867
9078493
9080222
9080529
9081117
9081761
9082096
9083415
9083731
9083915
9084070
9084238
9086623
9088008
9088996
9091002
9094261
9095053
9095401
9096579
9098532
9099524
9099937
9101414
9101677
9102850
9103336
9103410
9103411
9103465
9104745
9105863
9107513
9109033
9109434
9110477
9112835
9113196
9113275
9113871
9113885
9114651
9114912
9117651
9118337
9118780
9122018
9123152
9123490
9124578
9125677
9125887
9126819
9127159
9128649
9130841
9131923
9133223
9136088
9136192
9136647
9136659
9137875
9137936
9138372
9138453
9138715
9139163
9140128
9140442
9140493
9142024
9142125
9143133
9144508
9145089
9145766
9145786
9147047
9150184
9150689
9151922
9152909
9154486
9154833
9154910
9155004
9156678
9158332
9159281
9160222
9160440
9162142
9162628
9163533
9163671
9166405
9168558
9169424
9169632
9171830
9173424
9174656
9177225
9177542
9178549
9178820
9180517
9182042
9182524
9183102
9184614
9185587
9186213
9186420
9186581
9188952
9190340
9191029
9191552
9191897
9192383
9193123
9195100
9195833
9195927
9201178
9202256
9203551
9203657
9204128
9204291
9205641
9206195
9206663
9207482
9207837
9208892
9212228
9212245
9212592
9212607
9213915
9214980
9215215
9216315
9218344
9219020
9219078
9219305
9222905
9224393
9225369
9225442
9227063
9227320
9228039
9228054
9229714
9229868
9231008
9231312
9231420
9233812
9234407
9234481
9234584
9235872
9235891
9236434
9236811
9237364
9238161
9239262
9239262
9239814
9240762
9242364
9242699
9244220
9245251
9245530
9245960
9246236
9247097
9247483
9248255
9249070
9249170
9249438
9249440
9249505
9249723
9249775
9250010
9250145
9251178
9252013
9252125
9254491
9254579
9255134
9256229
9257849
9258148
9258788
9259276
9260771
9260790
9262213
9262386
9262416
9265048
9266315
9266449
9269040
9269212
9270894
9270918
9272115
9274529
9276246
9276536
9277160
9278129
9280688
9282655
9282672
9284528
9285257
9286030
9287447
9289282
9290774
9291177
9292759
9293513
9295607
9296135
9296326
9298659
9298957
9300323
9301335
9302178
9302247
9303031
9303129
9306460
9306722
9308737
9309414
9311549
9312538
9314955
9316843
9317299
9317991
9319237
9320099
9321903
9322439
9323247
9324570
9325048
9326290
9326392
9326861
9329825
9330064
9330767
9331105
9331682
9332086
9332696
9333665
9333822
9333896
9334344
9335184
9337117
9337291
9338655
9341886
9342183
9342353
9344055
9344511
9345215
9346564
9346710
9350415
9351275
9351367
9353526
9353764
9354645
9355443
9356225
9356984
9357190
9357209
9357256
9357345
9357733
9358143
9358228
9359197
9359551
9360018
9360192
9360464
9360667
9361039
9361318
9361825
9362284
9362845
9363236
9366007
9367858
9367927
9370043
9370046
9370108
9370308
9370630
9371140
9373118
9373675
9376852
9376976
9377072
9377306
9378270
9379240
9379379
9380131
9381738
9383552
9384253
9385004
9385548
9385748
9385910
9387408
9390429
9391167
9391376
9392099
9392656
9393380
9393520
9394606
9394677
9394712
9397827
9397957
9397979
9398211
9398988
9401502
9402038
9402813
9403411
9403641
9404683
9405513
9406294
9407466
9407948
9408644
9411031
9411583
9411593
9412702
9413675
9414178
9414634
9414900
9417052
9418854
9419354
9420025
9420038
9420232
9421318
9422564
9422868
9423240
9423477
9423841
9424572
9424791
9425821
9425928
9427589
9427914
9428590
9428941
9430097
9432269
9433196
9433382
9434119
9434746
9435685
9438215
9438510
9438576
9441565
9441644
9441865
9442036
9444579
9445663
9446026
9446231
9447813
9448433
9452109
9453683
9453908
9455063
9456038
9456282
9456357
9456425
9457008
9457279
9459765
9459819
9459940
9461725
9461976
9463276
9464488
9467599
9467639
9469037
9470283
9471209
9471280
9472395
9474598
9475124
9475634
9475803
9476231
9478384
9478812
9483580
9483616
9484306
9484387
9484534
9484757
9487157
9490046
9493224
9493628
9495022
9496035
9499406
9499669
9500937
9502766
9505066
9505478
9506530
9507480
9507981
9508180
9508730
9509207
9509818
9510169
9512532
9515402
9517431
9518832
9521407
9522534
9523622
9523878
9525649
9529831
9530782
9530864
9531079
9531172
9531298
9531556
9533416
9533485
9535585
9535763
9536344
9536831
9536895
9537893
9538760
9540155
9542000
9542180
9543745
9543872
9545906
9546551
9548540
9550767
9551793
9552836
9553078
9553442
9555455
9556350
9556715
9557750
9558720
9558985
9560077
9560393
9560538
9560637
9560765
9560912
9565480
9565637
9567002
9567572
9568691
9571069
9573071
9575640
9575794
9575847
9576135
9577815
9578686
9580398
9583346
9585020
9585758
9586056
9586760
9586775
9587037
9588257
9591193
9592134
9592315
9592379
9593847
9594499
9595056
9595501
9597917
9598506
9601864
9602058
9602165
9604237
9604623
9605783
9606551
9607374
9609357
9610522
9610578
9611120
9611909
9612640
9612711
9613534
9613845
9613995
9615290
9616566
9616830
9617869
9618448
9619050
9620222
9621633
9625386
9625462
9626319
9626585
9627652
9628079
9629411
9629857
9630128
9630306
9632903
9634664
9635654
9636196
9637757
9639811
9642091
9644246
9644934
9645442
9645537
9645573
9646425
9647688
9648507
9649172
9649221
9651449
9653370
9653830
9653876
9654833
9655464
9656007
9656231
9656382
9656523
9657599
9658042
9658615
9658881
9659042
9660250
9660649
9660776
9660923
9661882
9662143
9663339
9664457
9664960
9665712
9666203
9666584
9667019
9669886
9671416
9674119
9676639
9677486
9677583
9680570
9680597
9680636
9681525
9682844
9682963
9683600
9683619
9683721
9684998
9687848
9687963
9688060
9688436
9689558
9690638
9690710
9691197
9691440
9691624
9692561
9694057
9694062
9698171
9700033
9702451
9703385
9703530
9705201
9706068
9707538
9707713
9710132
9710157
9710175
9710709
9711139
9711197
9711354
9715495
9715653
9717500
9718186
9718852
9719061
9720577
9721818
9722443
9724484
9724982
9725270
9725333
9726027
9728995
9729629
9730334
9731309
9731651
9733181
9733479
9733830
9734305
9734562
9734656
9735207
9735384
9736758
9737508
9737553
9738866
9740066
9740333
9740672
9740907
9741963
9744368
9745496
9745896
9746303
9747171
9747362
9747633
9747762
9748762
9749899
9752050
9752176
9754568
9754887
9756428
9763068
9763383
9763451
9763586
9764378
9764903
9766713
9767352
9767718
9768437
9768508
9769107
9769878
9770305
9770577
9770578
9770765
9776358
9777905
9778670
9779074
9780652
9781061
9781212
9785322
9785581
9785697
9786077
9786591
9786945
9788305
9788955
9789221
9790930
9791185
9791305
9791536
9792871
9795195
9795945
9796460
9797319
9798012
9799106
9799453
9801262
9805139
9805225
9806359
9806518
9806791
9808686
9809350
9810370
9811441
9811954
9813441
9813682
9813723
9814081
9817314
9818292
9818376
9819184
9820426
9821572
9822112
9822875
9824836
9824953
9825666
9825740
9826641
9827512
9827886
9829376
9829516
9830674
9832981
9834996
9835413
9836118
9836147
9836755
9837045
9838399
9838527
9839237
9839270
9841335
9842059
9842299
9842417
9843430
9845341
9845365
9845516
9847560
9847627
9847687
9850558
9852193
9852473
9852713
9853246
9854126
9854819
9855813
9857324
9857424
9857674
9858361
9858569
9859816
9859906
9860548
9860859
9861149
9863939
9865910
9866600
9866948
9867294
9867559
9868205
9868246
9868333
9868420
9871531
9873535
9874334
9874672
9876623
9877260
9881399
9882530
9882685
9883554
9883703
9883898
9884538
9885974
9886144
9887168
9889601
9890374
9890522
9891521
9892249
9893557
9894718
9896745
9896833
9898066
9899584
9900268
9900312
9900875
9901810
9902140
9904601
9904687
9905158
9906027
9906121
9906496
9907314
9907710
9908683
9910636
9911495
9912251
9912419
9912618
9912863
9913654
9913869
9915128
9916703
9916769
9917225
9918229
9919757
9920031
9920716
9923752
9924144
9925052
9925516
9925960
9927099
9927571
9927919
9929289
9929332
9929954
9930489
9930594
9931577
9931620
9932210
9932769
9933529
9936003
9938101
9938325
9938876
9939757
9939868
9941996
9943658
9943710
9944201
9945466
9945538
9945785
9946608
9947456
9947649
9947918
9947925
9948111
9948796
9949223
9951338
9953257
9954357
9954906
9955720
9956333
9958801
9959485
9960054
9962136
9962259
9962888
9964279
9965441
9965654
9966397
9967595
9967845
9968304
9969688
9973352
9973386
9975211
9975378
9978789
9981970
9982722
9983112
9983301
9983419
9983893
9984237
9985710
9987139
9987575
9987644
9987926
9988349
9988620
9993849
9995353
9995637
9996715
9999767
9999920
