1043611
1157299
1391519
1396532
1508250
1767487
1910640
2071752
2130054
2139480
2351634
2353694
2572942
2573411
2961150
3082413
3210018
3261249
3309750
3317827
3358292
3396605
3413756
3536725
3614355
3648616
3915436
4076653
4241549
4386702
4429176
4464817
4600680
4686987
4689435
4694519
4733521
4803963
4937744
4957070
5260306
5337342
5350801
5379791
5410099
5502243
5636253
5698624
5734342
5811467
5813755
5954877
6019428
6246017
6303402
6316377
6390131
6443753
6485528
6563718
6708398
6732255
6763077
6873669
6984062
7041754
7081667
7100482
7151603
7304188
7424745
7629928
7683685
7705775
7827897
7878887
7893307
7950470
7969299
8032730
8205449
8226249
8279877
8347500
8369578
8432399
8593521
8607695
8668706
8789006
8913731
9035678
9102654
9272721
9348730
9464068
9740238
9748978
9764294
9843531
