1020937
1090205
1175201
1178768
1366284
1451874
1477612
1709624
1964818
1998910
2031525
2032843
2154887
2157087
2467490
2515318
2536407
2795823
2948268
3017309
3230487
3450105
3601843
3604214
3694881
3768598
3796544
3929805
3985057
4033950
4093984
4150492
4182651
4266479
4402102
4460004
4465257
4693304
4758684
5016927
5130582
5220862
5317008
5346960
5470203
5482064
5534144
5785479
5850396
5940378
6173689
6188853
6200657
6362882
6369834
6503082
6568524
6619773
6659243
6750901
6757451
6760662
6795956
6831234
6846490
6908332
6966803
6998588
7083415
7094787
7153684
7188069
7196308
7230274
7361290
7517149
7518037
7602237
7602799
7641220
7845971
7982776
8026297
8334272
8339769
8358084
8505165
8552998
8723633
8743827
8768272
8862851
8862919
8901957
9020355
9171347
9317656
9323105
9737374
9984695
