1005606
1013339
1016524
1028682
1040855
1041547
1041639
1053734
1060636
1062976
1067755
1086008
1100961
1122337
1129110
1135215
1150019
1157922
1160984
1161278
1171799
1179747
1191936
1224692
1238709
1242513
1247205
1248478
1256051
1261206
1265394
1268519
1270336
1281612
1306869
1309384
1310866
1349445
1361188
1372964
1382338
1390544
1397118
1406188
1414193
1425344
1436856
1446281
1451187
1457580
1460927
1471501
1499793
1527643
1546326
1554054
1560487
1572219
1574397
1587879
1594838
1598725
1604270
1604791
1633022
1641886
1648303
1668610
1668657
1752422
1754022
1763266
1775960
1792795
1803958
1808976
1812117
1816227
1820733
1821051
1827044
1828857
1883805
1897437
1899817
1900696
1914832
1938551
1941316
1946276
1957410
1958747
1961561
1977073
1987006
2007643
2009072
2018517
2018699
2029066
2060467
2084467
2085523
2088461
2099753
2104447
2109932
2114351
2138335
2146617
2147280
2147533
2154685
2185392
2215165
2221683
2226259
2237060
2252971
2256213
2257097
2263895
2265654
2268741
2278819
2287698
2295808
2296588
2307136
2310659
2311833
2315562
2316517
2331965
2341112
2347825
2349656
2364312
2369832
2373395
2386971
2394582
2394816
2401880
2419024
2422394
2430606
2432254
2432852
2446102
2449806
2453607
2453978
2465724
2473135
2483458
2503742
2514763
2535013
2566769
2574219
2575384
2580075
2587869
2615358
2640205
2642996
2654369
2662815
2668158
2668256
2678764
2680920
2684565
2691353
2700664
2714883
2715241
2724767
2731310
2738831
2739000
2763740
2768957
2773320
2776159
2779091
2787019
2791920
2793320
2794316
2809783
2811579
2813776
2836838
2837177
2845705
2847548
2856347
2896344
2904244
2909766
2914495
2914688
2915911
2926245
2936721
2939192
2953004
2970873
2971549
2976619
2977782
2982726
2986335
2986890
3013749
3029087
3038094
3038744
3042300
3062202
3067154
3067734
3068206
3068337
3069664
3073355
3073670
3087198
3088567
3093810
3115056
3115649
3120096
3132057
3137443
3140179
3142206
3148122
3151504
3152945
3157825
3178011
3180602
3183135
3200280
3212666
3223918
3226990
3237301
3237443
3240555
3265776
3283963
3290731
3291669
3303688
3305827
3315218
3328702
3338788
3342803
3364384
3393972
3399319
3403173
3424797
3443207
3444669
3446202
3456351
3481419
3496177
3501119
3517817
3520685
3523826
3544972
3573799
3603060
3616808
3631584
3632917
3640562
3642706
3655252
3655431
3662823
3665066
3681723
3694305
3703226
3706530
3708622
3739890
3744165
3757684
3758159
3758681
3765499
3776040
3779105
3785329
3793180
3795213
3798747
3809347
3813212
3816952
3822324
3826347
3827139
3846290
3853978
3854437
3854980
3856487
3865018
3868795
3870462
3877068
3881736
3922283
3926919
3932613
3934570
3941526
3942836
3969339
3987199
3996510
4009708
4015190
4019921
4020122
4029620
4030116
4049281
4059980
4063484
4067021
4069659
4081275
4081644
4091273
4094555
4099107
4099328
4106706
4116518
4127444
4135097
4150325
4153952
4156235
4158649
4165157
4186277
4202024
4202621
4218006
4241006
4244984
4247596
4255261
4258038
4274850
4291011
4310010
4310966
4318767
4320139
4320510
4320650
4320892
4337551
4351242
4369034
4378203
4381453
4396038
4396205
4414746
4415024
4417494
4417979
4418437
4433171
4447474
4451627
4475589
4484449
4485010
4495250
4508244
4517419
4517919
4526586
4533310
4540823
4542914
4543360
4552209
4561264
4563467
4568166
4576464
4583325
4605362
4615882
4630032
4630376
4636634
4651668
4653037
4662066
4676676
4683666
4687171
4726629
4731015
4740529
4740829
4743482
4761975
4776296
4798259
4809076
4809205
4815939
4827369
4827403
4832830
4850317
4857876
4859911
4863623
4869028
4875934
4893257
4911407
4934069
4935824
4936732
4944834
4958059
4958802
4981070
4993567
5000536
5011617
5013609
5018097
5029151
5031180
5032536
5032937
5036527
5042970
5051159
5078398
5109241
5116720
5138925
5140687
5147377
5156823
5202139
5214591
5217918
5220694
5221272
5222649
5245971
5258496
5265561
5269647
5271929
5273817
5275617
5279307
5280100
5295759
5309225
5310354
5326064
5328006
5360620
5404652
5419128
5423500
5447247
5450530
5463526
5472732
5475496
5479218
5489966
5491270
5523263
5533615
5555383
5555649
5557738
5559710
5562380
5579515
5585973
5588581
5590479
5609687
5610527
5620650
5650421
5654661
5658046
5668030
5676489
5679762
5695590
5707813
5709018
5712750
5721414
5722788
5731597
5738864
5742290
5792876
5799007
5819612
5825396
5832789
5843147
5849515
5862943
5863008
5875208
5899349
5900782
5906848
5911009
5926547
5928112
5928856
5933736
5941075
5949594
5954165
5961602
5981334
5981545
5994584
5998929
6001850
6003026
6009062
6015758
6020239
6047177
6051255
6066342
6066344
6070025
6092655
6095169
6096922
6101156
6120904
6136252
6150351
6159133
6172697
6175208
6180547
6187471
6200303
6207135
6211422
6214291
6217321
6230619
6238633
6241082
6250107
6256753
6260165
6261397
6264206
6268979
6296567
6299013
6306077
6308742
6333048
6339944
6343746
6347339
6351862
6362814
6369098
6369386
6371403
6374359
6376527
6385171
6385918
6401303
6406423
6448595
6457982
6468638
6474683
6478546
6479425
6488300
6489830
6496630
6503406
6510210
6521690
6544524
6554418
6556339
6558473
6604890
6610256
6613606
6613798
6661356
6662356
6662365
6665273
6672612
6679612
6707107
6730385
6739934
6742653
6746495
6750166
6752663
6759614
6762027
6779579
6780367
6783629
6797731
6798488
6802472
6808677
6809393
6862069
6864854
6890500
6906542
6924489
6925363
6938333
6950548
6953192
6971171
6973541
6998504
7002066
7005111
7007611
7008790
7012821
7042968
7047532
7060189
7063345
7065701
7074751
7094194
7098218
7112868
7112933
7119539
7147598
7149646
7157540
7173101
7192188
7200247
7204563
7212117
7220028
7226603
7237488
7237979
7260444
7295280
7298840
7306605
7306824
7317000
7320541
7324044
7327439
7352117
7360305
7360997
7366066
7386970
7388046
7398279
7403199
7417406
7419401
7436773
7445762
7471541
7475518
7481296
7490145
7501427
7508127
7508932
7516481
7523919
7531801
7544729
7544848
7551809
7562594
7562616
7567661
7568383
7589481
7595772
7607072
7615570
7616620
7619892
7630559
7640017
7655214
7655716
7657473
7663998
7668123
7675684
7694622
7695179
7696959
7702453
7727389
7728202
7735385
7741070
7743610
7748114
7757430
7773699
7773735
7791846
7802423
7810139
7813731
7833604
7850488
7854879
7857641
7886619
7892854
7897056
7913037
7917404
7927770
7928161
7929933
7935718
7936064
7965014
7968387
7990043
7994565
8003656
8007683
8019320
8049739
8053708
8066008
8070426
8075813
8093266
8100052
8109111
8113389
8119970
8123732
8137834
8146564
8146590
8155866
8165922
8166148
8168470
8176972
8185788
8195891
8203311
8208983
8210342
8212667
8214057
8220365
8224234
8227137
8241699
8268665
8280635
8297127
8309586
8312896
8333109
8336914
8349278
8377294
8393623
8412146
8415048
8447468
8454565
8458389
8476936
8482730
8489143
8495783
8500958
8501497
8511646
8518512
8523695
8549406
8549853
8553348
8573709
8583875
8592819
8599134
8604865
8614849
8617487
8645447
8645999
8654878
8665872
8700832
8703373
8712169
8714162
8714798
8716804
8717649
8718184
8742955
8747253
8754490
8764900
8767108
8768804
8777670
8784666
8795123
8798213
8803026
8866670
8870199
8895683
8899539
8902757
8905227
8906230
8920846
8969222
8985936
9014650
9019758
9021009
9022342
9022541
9032214
9043231
9047066
9048588
9049320
9052258
9052660
9077962
9080082
9081155
9081345
9089930
9096557
9097594
9103458
9112921
9120048
9128999
9138566
9141270
9155452
9166650
9171150
9177210
9179435
9188255
9192636
9223619
9225263
9233482
9235869
9246841
9264242
9268261
9276637
9277646
9280732
9283271
9287325
9296815
9301853
9306865
9318732
9358519
9370803
9372580
9380855
9398725
9400741
9401138
9402643
9416760
9440306
9455984
9474747
9489621
9493063
9498199
9499092
9504867
9520128
9537453
9557947
9563296
9565491
9582009
9593894
9609848
9631676
9645688
9648945
9663934
9664697
9668253
9672523
9688853
9690999
9691701
9695014
9712457
9713054
9730516
9743025
9751790
9762148
9783911
9789347
9791991
9794512
9799161
9805511
9811587
9814570
9821904
9847694
9862952
9873542
9873754
9874902
9878460
9879706
9885066
9895887
9906505
9913830
9915055
9925684
9941145
9943365
9947982
9966015
9968341
9982581
9984488
9996116
