1000897
1001642
1002043
1004964
1006923
1007252
1007281
1007579
1008083
1008989
1009731
1012383
1013112
1014178
1016348
1016719
1017627
1017943
1018339
1018876
1019062
1020575
1022059
1023165
1023482
1023995
1024403
1025380
1025875
1026908
1027393
1028288
1028607
1031613
1031624
1032786
1033104
1033139
1036730
1036863
1037218
1037301
1038222
1039236
1039451
1039818
1041306
1041978
1042215
1042385
1042931
1045385
1046163
1046265
1046473
1047019
1047430
1047548
1047862
1049458
1049733
1050054
1053777
1054731
1054842
1055652
1055895
1056659
1056942
1057348
1057406
1058021
1058296
1059134
1059870
1060573
1060642
1060872
1061484
1061719
1062236
1063000
1063110
1064449
1064835
1065732
1065846
1066758
1067729
1068997
1070236
1070471
1072586
1072983
1073282
1074301
1074360
1075449
1075857
1077309
1077358
1080223
1080924
1081136
1081839
1082169
1082312
1082834
1082933
1083473
1084568
1084680
1085044
1085591
1085909
1086628
1087417
1087444
1088271
1093620
1094296
1095558
1097259
1097523
1104056
1104887
1105024
1105696
1106756
1107077
1107157
1108833
1108954
1112066
1112565
1112804
1114911
1114976
1115215
1116865
1118677
1119748
1120173
1121232
1122590
1122800
1123307
1123954
1124250
1126139
1126583
1127197
1128029
1129434
1129723
1131275
1131427
1132176
1132922
1133170
1133673
1135443
1136149
1138227
1138973
1140250
1140869
1140942
1141596
1142078
1142373
1142474
1142834
1143382
1145573
1145679
1145751
1145804
1146015
1146580
1147807
1148314
1148488
1148607
1149187
1149414
1150858
1151934
1152885
1153334
1153377
1153762
1154804
1155680
1158007
1159017
1159467
1159752
1160048
1160360
1160478
1162464
1163094
1163094
1163422
1163769
1164141
1164515
1165002
1165980
1167812
1169758
1170856
1171835
1172796
1172979
1174721
1175064
1175376
1176118
1176565
1177155
1177796
1179423
1179608
1181759
1182180
1182208
1182721
1186512
1186624
1186649
1186934
1187353
1189177
1189801
1192298
1192795
1192916
1194293
1194422
1195052
1196114
1196306
1196747
1197374
1197450
1197634
1198169
1198218
1199167
1200222
1201070
1202799
1203538
1203623
1204146
1204425
1204632
1204718
1205330
1205361
1205576
1205717
1205829
1206749
1207705
1208748
1208962
1209874
1209903
1212092
1212391
1215625
1218272
1219722
1220302
1221542
1222932
1226221
1228331
1228633
1229353
1230205
1231965
1234435
1234897
1235132
1235613
1236423
1237506
1238433
1239794
1240011
1241782
1243717
1244769
1244773
1246278
1246981
1248292
1248380
1248386
1249066
1250629
1252043
1255214
1255760
1256653
1257017
1260717
1262922
1263359
1264899
1265182
1266169
1266529
1266536
1266597
1267052
1267432
1268894
1269078
1275340
1275726
1276445
1276805
1277641
1277726
1278331
1278357
1281209
1281570
1282398
1282868
1283132
1283573
1284825
1285842
1287365
1289037
1289683
1291693
1292783
1294050
1295334
1298228
1298836
1299042
1299205
1300142
1301652
1301991
1302070
1306484
1307060
1307343
1309130
1309724
1310255
1311985
1312092
1313088
1313417
1314479
1314684
1315046
1315448
1315864
1318491
1318576
1319582
1319618
1320048
1320330
1320719
1321042
1321149
1322358
1322965
1325241
1326949
1329330
1329456
1330037
1330885
1331208
1331481
1331980
1332912
1333089
1335759
1335893
1337724
1340010
1341177
1341664
1342655
1342747
1342903
1343836
1344839
1345343
1346156
1346222
1346881
1347634
1348678
1348862
1349610
1349991
1350040
1350870
1351243
1351298
1352261
1352932
1353442
1353761
1354539
1355803
1357957
1359871
1360082
1360695
1361238
1363814
1365288
1365388
1365841
1366885
1367160
1367186
1368834
1369152
1369313
1369963
1370376
1370902
1371342
1371817
1371884
1372926
1373015
1373235
1376195
1382078
1382408
1382905
1383145
1383245
1383852
1384094
1385031
1387259
1389015
1389362
1390219
1390256
1390869
1392044
1392050
1393845
1394341
1397666
1397747
1399728
1400319
1400449
1400506
1402310
1403140
1403170
1403726
1404639
1404731
1407010
1407031
1407557
1408045
1408745
1408845
1412235
1412402
1414006
1414788
1416578
1417678
1418827
1422332
1422401
1422971
1423016
1423202
1424692
1424852
1425066
1425392
1429051
1429463
1429685
1430207
1432816
1433174
1433453
1435571
1436151
1437176
1438918
1439048
1440512
1440767
1440880
1441191
1441296
1442276
1443214
1443738
1447200
1448428
1449031
1449218
1451558
1451614
1451996
1452118
1453388
1454609
1457174
1458161
1458582
1458592
1460784
1460996
1461082
1462690
1463543
1463947
1463992
1464918
1468685
1469496
1469662
1469721
1470991
1471300
1472095
1472468
1475350
1477771
1477802
1479025
1479546
1480600
1481052
1482163
1487619
1488832
1489147
1489819
1490001
1490088
1490274
1490733
1491161
1494263
1494771
1495792
1496347
1497382
1499183
1500913
1501011
1503434
1503569
1503798
1504223
1505088
1505281
1505743
1507271
1507274
1509302
1511953
1511987
1512559
1513349
1514122
1515585
1518028
1518386
1519646
1521064
1521171
1521187
1521248
1522197
1523129
1523317
1524042
1525313
1525343
1525485
1526019
1527370
1527742
1528011
1530222
1533063
1533283
1533513
1533947
1534309
1534490
1534519
1536244
1536710
1536743
1539067
1539162
1539813
1540660
1541006
1541129
1542485
1544137
1545014
1545179
1546279
1549241
1549292
1549967
1559156
1559388
1559399
1559493
1559737
1559803
1561568
1561759
1562564
1564214
1564516
1564668
1565339
1565609
1566890
1567872
1567975
1568103
1570669
1570904
1571061
1571273
1572162
1572417
1572419
1572700
1572839
1573082
1573912
1574129
1576084
1577584
1577992
1578152
1578202
1578268
1578881
1579062
1579142
1579568
1579723
1579845
1582259
1582714
1584090
1584717
1585040
1585199
1585965
1586798
1587186
1589782
1590424
1591582
1592090
1592976
1594581
1594585
1597362
1599129
1599611
1599884
1601064
1601267
1603821
1606270
1606690
1607180
1608261
1608741
1609391
1609585
1610179
1612706
1612959
1614002
1614019
1614693
1615404
1615798
1616333
1617340
1619669
1620208
1621315
1622561
1622668
1623087
1624944
1625001
1625028
1626889
1626967
1627603
1628706
1629393
1631884
1632530
1633477
1633776
1634999
1637832
1638367
1638620
1639079
1639141
1640615
1640661
1640971
1642785
1643195
1644895
1646279
1646878
1647487
1647870
1648606
1649511
1649591
1650814
1651674
1652189
1652470
1652910
1653752
1653762
1654706
1655414
1658682
1659085
1660305
1660574
1661782
1661937
1665787
1667395
1669071
1669232
1670889
1673181
1673775
1674226
1674442
1674746
1675163
1676223
1678487
1679881
1680450
1681042
1681248
1681919
1683049
1684034
1685139
1685168
1685218
1686302
1686828
1687810
1687987
1689616
1689802
1689905
1690434
1691447
1691676
1692521
1693102
1694690
1695335
1695555
1695845
1696318
1697769
1698465
1698473
1699379
1700011
1701324
1701326
1702223
1702696
1702715
1703067
1703070
1703172
1704546
1704736
1705174
1705550
1706103
1706263
1706708
1706818
1710164
1710409
1712311
1712950
1713731
1713875
1714169
1715188
1715314
1715672
1715678
1715916
1716153
1717330
1717582
1718347
1719666
1719755
1720695
1721065
1721477
1722383
1723334
1723674
1725053
1726024
1727363
1728611
1728621
1730808
1731385
1731448
1731981
1732331
1733193
1734455
1738628
1739169
1740436
1740860
1741185
1743423
1743884
1744570
1745133
1745409
1745990
1747363
1747596
1747771
1749194
1749255
1750013
1750148
1750152
1750532
1751902
1752012
1752032
1752487
1753199
1753406
1755169
1755890
1757224
1757663
1757888
1757914
1758415
1758568
1758583
1759235
1760540
1760578
1760839
1761304
1763758
1763783
1765400
1766005
1766246
1766327
1767038
1767804
1768440
1768710
1768732
1769744
1770646
1770749
1770909
1772950
1775640
1777073
1777522
1779167
1781246
1782557
1783156
1783206
1785800
1786765
1787287
1787550
1788932
1789101
1791081
1791807
1793410
1793473
1794532
1794613
1802901
1802924
1804108
1804165
1804969
1806705
1807671
1809063
1810954
1811727
1812321
1812869
1813800
1818558
1819151
1820660
1821887
1822166
1823069
1823219
1824545
1826051
1828138
1828372
1828926
1831374
1831602
1831739
1831953
1835990
1835995
1836290
1836559
1837647
1838170
1838315
1840788
1841057
1841422
1842192
1842537
1843195
1844559
1845044
1846019
1846449
1848333
1850128
1851243
1851746
1852266
1853921
1855602
1856269
1856362
1856392
1856674
1856747
1856776
1857681
1857702
1857826
1858213
1858559
1859881
1859948
1860129
1862182
1863312
1863404
1863973
1866014
1867769
1870920
1871164
1871865
1875561
1875825
1876678
1877842
1877846
1879196
1879354
1880509
1881962
1882290
1883105
1883693
1884076
1884414
1885028
1885661
1886637
1887621
1889190
1890159
1890765
1891041
1891992
1892068
1892134
1893115
1893317
1894355
1896840
1900645
1900840
1903240
1904669
1904781
1904918
1905582
1906068
1906089
1906645
1907375
1909485
1910635
1911629
1911936
1913675
1915690
1916425
1917533
1918273
1919130
1919235
1922458
1922815
1923969
1924357
1924543
1928237
1928664
1928713
1929201
1929684
1929772
1929848
1930311
1930380
1931909
1932517
1933119
1933551
1933767
1934394
1936481
1937951
1939200
1939472
1939925
1941449
1941759
1942799
1943433
1944307
1945470
1946351
1947342
1948499
1949712
1950535
1951886
1952148
1953463
1953528
1956594
1958100
1959508
1959936
1959969
1961446
1961523
1962080
1962211
1962482
1964681
1964700
1965438
1965483
1966498
1967314
1967449
1967553
1967584
1967746
1968660
1968849
1969412
1969428
1972152
1972648
1973060
1973923
1974023
1974503
1974772
1974903
1974953
1975151
1976348
1978082
1978264
1980400
1980580
1982169
1982589
1982842
1982877
1984619
1985100
1985335
1986026
1994457
1994506
1994817
1995077
1995203
1996021
1999146
2001206
2001264
2002076
2002955
2003972
2004177
2004325
2004975
2006013
2006134
2007197
2007414
2007807
2008656
2009603
2010133
2011175
2012040
2013166
2013185
2013807
2014703
2016724
2018371
2019253
2019378
2020486
2020813
2020886
2021007
2021149
2023155
2029163
2030032
2030139
2033454
2033662
2034605
2034847
2035258
2040033
2041423
2041939
2043927
2043932
2044040
2047527
2048390
2048557
2049539
2050221
2050338
2050438
2051170
2051721
2052340
2052902
2053084
2053792
2056065
2056343
2057584
2059299
2060343
2062455
2062930
2065697
2066656
2069163
2069893
2070265
2070700
2072334
2072669
2074615
2076395
2076899
2081609
2082021
2083909
2086310
2086849
2086921
2087041
2088178
2088877
2089046
2089453
2089592
2090380
2092253
2093398
2094742
2094780
2095513
2096345
2096478
2098245
2099114
2099351
2099540
2099601
2099794
2100584
2101333
2101521
2102004
2102427
2102536
2103027
2103078
2103452
2104860
2105958
2107807
2107838
2107914
2107967
2108914
2110040
2110663
2110709
2110937
2111568
2112546
2113024
2113390
2114746
2115962
2116567
2118964
2119367
2119602
2119828
2120354
2121596
2124621
2126082
2126784
2127727
2129566
2132743
2134373
2135387
2135478
2139453
2140070
2140719
2141337
2141701
2144672
2145757
2146259
2147606
2149311
2151456
2151856
2152278
2157129
2158362
2158611
2158789
2158852
2160165
2160277
2160367
2162572
2162729
2162765
2163020
2164665
2165792
2167015
2168313
2170033
2170697
2171320
2172885
2173015
2173155
2175124
2176631
2178645
2180294
2180845
2181353
2181905
2181929
2182597
2183874
2184214
2188528
2189240
2189515
2190285
2195862
2196436
2197449
2197458
2199833
2201423
2205529
2207317
2207829
2208603
2208614
2209605
2210093
2211007
2211448
2213218
2213963
2214989
2216783
2216823
2217595
2219044
2219490
2220101
2220476
2221655
2221751
2225040
2226083
2226362
2226712
2226759
2227256
2227307
2228000
2229152
2229183
2229466
2229586
2229592
2230039
2230944
2231033
2231504
2233718
2233941
2234243
2236192
2236598
2237570
2238570
2238846
2240907
2242087
2243292
2243721
2245068
2245719
2248561
2248654
2248802
2249205
2253303
2254134
2254444
2254766
2256111
2256639
2256692
2257330
2257623
2257649
2257651
2257662
2259000
2259850
2262193
2262630
2262719
2263025
2266474
2268098
2269164
2270033
2270587
2271775
2273593
2274783
2277514
2278526
2279160
2279936
2280922
2281190
2282924
2286268
2288147
2288836
2288976
2289859
2291282
2291416
2291472
2292452
2292892
2295632
2295991
2296718
2296844
2297028
2300534
2300728
2301427
2302739
2302755
2303488
2304982
2306154
2306175
2306383
2306455
2307370
2307398
2308180
2309418
2310186
2312305
2313658
2313697
2313970
2314220
2314605
2317681
2317724
2319213
2321290
2321414
2322749
2323469
2325007
2325325
2325836
2327040
2327813
2327838
2328043
2328072
2332060
2332855
2333048
2333982
2335022
2335724
2336166
2338251
2338596
2339086
2339719
2340968
2342971
2343213
2344694
2344809
2345878
2346470
2347303
2349938
2352611
2354293
2355028
2355427
2356604
2356643
2356861
2357119
2359154
2361181
2363268
2363562
2364209
2364399
2364441
2364657
2365085
2365234
2367234
2367582
2369085
2369489
2370733
2372375
2372528
2373464
2374152
2376608
2378589
2380440
2380787
2380931
2381047
2381154
2383418
2384588
2384715
2386253
2386887
2389024
2389913
2393465
2393622
2394197
2395556
2395790
2395818
2396326
2396807
2398307
2398702
2398911
2399543
2400217
2405404
2406052
2406946
2408084
2409540
2409741
2410881
2411248
2412214
2415420
2415530
2416546
2417544
2419074
2420039
2420705
2423022
2424151
2425447
2426583
2426844
2428273
2428561
2428851
2429013
2430591
2431215
2431977
2432896
2433108
2433639
2434011
2434904
2435440
2435659
2440264
2441429
2442872
2443149
2446175
2446923
2447810
2448593
2448985
2449038
2449105
2449706
2449794
2450254
2452083
2452157
2455506
2455706
2456317
2457175
2459917
2460191
2462386
2462783
2464160
2464497
2464869
2464979
2466127
2466219
2466797
2467455
2468399
2468475
2468637
2469895
2470380
2470491
2472650
2473138
2473310
2474187
2474247
2478874
2479784
2480122
2481366
2481629
2482239
2482320
2482402
2482522
2482940
2489545
2491246
2492329
2492383
2492548
2492876
2493002
2494108
2494971
2495601
2495618
2496218
2496219
2496327
2498762
2498901
2498942
2501110
2503767
2504000
2504388
2504458
2505924
2506011
2506545
2506641
2508042
2509084
2509235
2509618
2510797
2511436
2513871
2514314
2514561
2515233
2515751
2516917
2516960
2518146
2518426
2519842
2519958
2521614
2524488
2525007
2525395
2525466
2526803
2526867
2528500
2530241
2530946
2531107
2532093
2538406
2538617
2538710
2540837
2541152
2541457
2543293
2543346
2544259
2545169
2546130
2546857
2546976
2547850
2548894
2550817
2550987
2551623
2551853
2556100
2556336
2557190
2558617
2562454
2562472
2562766
2563292
2564765
2564815
2566373
2566823
2567381
2568721
2569132
2569314
2570147
2571353
2571763
2572124
2572165
2572826
2574374
2575548
2576159
2580394
2581067
2581654
2583217
2583580
2589422
2591616
2592247
2593376
2594870
2596436
2596563
2598957
2599156
2599796
2600005
2601937
2602098
2604020
2604322
2605163
2606482
2609268
2610108
2613096
2617832
2619398
2619591
2620768
2621958
2622334
2622445
2623118
2623232
2627319
2627703
2629593
2629992
2630485
2631544
2632128
2632195
2632367
2633025
2633759
2634520
2635620
2636170
2636390
2636550
2637821
2637957
2638447
2638704
2640784
2643451
2644309
2645377
2647658
2651305
2651789
2652053
2654209
2655731
2655928
2656667
2656763
2657322
2658156
2658553
2659588
2661245
2662143
2662719
2662767
2666205
2666250
2667234
2667646
2668717
2668719
2672850
2673004
2673413
2674869
2675153
2675223
2677227
2677545
2677645
2677890
2679029
2679029
2681029
2681182
2681249
2681674
2684165
2684763
2685403
2687122
2689213
2690840
2691350
2691709
2694336
2695727
2696370
2697571
2699304
2700198
2701163
2701228
2701887
2704554
2705160
2705949
2707911
2708834
2709199
2712828
2712868
2716293
2717069
2717558
2717731
2718084
2718141
2718657
2720205
2722274
2723688
2724066
2724707
2724985
2726635
2726778
2726901
2727122
2728488
2728500
2729053
2729631
2730379
2730875
2731108
2731417
2733904
2734175
2734578
2735899
2736178
2737636
2739053
2740071
2741870
2743382
2743627
2744558
2745367
2745409
2746592
2746849
2748440
2749589
2750677
2751510
2752246
2752531
2752606
2753048
2753772
2754380
2755197
2755808
2755885
2756725
2758537
2758968
2759325
2759693
2760285
2760915
2761097
2761169
2762532
2762676
2763174
2763419
2763644
2764161
2768183
2769022
2769304
2769672
2771796
2771867
2772571
2772785
2772963
2774504
2775012
2775931
2776881
2777333
2777555
2778353
2779819
2780449
2781347
2781357
2783226
2783324
2784050
2784133
2785087
2785331
2785364
2785758
2786130
2786718
2793204
2793649
2793755
2797466
2801069
2801586
2802873
2803094
2803803
2807490
2807716
2809196
2809456
2809935
2811497
2811869
2813013
2813087
2813123
2813503
2813677
2814176
2815833
2815908
2815973
2816483
2818330
2821139
2822235
2822276
2823746
2823824
2823892
2824124
2825465
2826052
2829340
2833237
2838966
2839269
2840155
2841735
2842043
2842553
2842658
2842767
2843912
2843944
2843971
2844568
2845505
2845641
2846009
2846956
2847767
2847936
2849691
2851609
2855241
2855502
2857490
2858295
2858662
2858885
2859289
2860911
2861298
2861493
2862748
2863386
2864169
2865208
2865813
2867202
2868579
2868854
2869271
2870004
2870502
2871410
2871552
2871895
2873732
2874920
2877267
2877891
2878497
2878810
2879710
2880071
2880407
2880438
2880694
2882429
2883991
2884106
2884315
2884346
2888059
2888593
2888884
2889363
2889547
2889798
2890558
2891075
2893437
2893485
2895539
2897100
2897272
2898619
2902119
2902139
2902394
2902426
2903069
2903093
2903343
2903493
2904627
2905292
2905575
2906011
2906216
2906481
2906489
2906987
2910247
2910462
2911390
2914417
2914835
2916703
2918706
2919074
2919205
2921160
2921855
2923264
2923415
2925636
2925855
2926010
2926013
2926089
2927053
2930547
2931077
2932255
2932295
2936437
2936664
2936963
2938051
2938240
2940629
2940824
2941945
2942695
2943893
2944033
2944624
2945051
2945678
2946101
2946954
2947185
2948237
2951167
2951324
2953133
2953219
2953715
2955750
2956358
2957473
2957933
2958304
2960749
2964536
2964992
2966281
2966808
2966939
2968254
2969149
2969491
2969700
2971578
2972089
2976250
2977129
2977626
2978012
2978505
2978974
2979008
2979400
2979885
2981993
2983256
2984776
2984942
2987367
2989364
2989695
2990965
2991247
2991466
2992474
2994032
2994050
2994809
2995521
2995626
2995869
2997172
2998578
2999370
3000041
3000154
3000973
3001078
3001117
3002389
3004213
3004255
3004982
3005888
3006324
3007342
3008214
3008724
3009674
3010297
3012746
3014005
3014184
3018058
3020570
3020760
3020798
3021757
3025098
3025183
3025449
3025832
3025893
3026000
3027089
3027584
3028127
3030062
3031278
3031874
3032794
3033595
3034223
3034531
3034853
3035045
3035484
3035835
3037574
3038701
3039251
3040150
3040316
3040694
3041393
3041581
3043206
3043503
3043746
3044988
3045947
3046064
3046443
3046875
3047304
3047505
3047964
3048513
3048845
3049248
3052414
3052479
3053415
3053494
3053836
3054531
3054826
3055914
3056165
3057077
3060502
3062215
3062846
3063306
3063692
3064996
3065155
3065233
3065652
3065854
3069947
3070350
3071466
3073136
3073200
3073211
3073537
3073574
3075896
3076322
3078015
3080251
3080293
3080529
3082525
3083032
3083148
3083171
3084103
3086730
3086847
3088177
3089126
3089358
3090158
3090189
3090355
3090952
3091046
3093333
3093708
3093889
3094419
3094513
3095879
3096589
3096869
3099261
3099287
3102796
3103404
3103492
3104989
3105057
3105960
3106080
3106354
3106744
3107680
3109456
3109663
3109904
3110471
3110673
3111915
3112466
3112689
3112708
3113136
3113483
3113574
3114691
3115112
3115188
3115475
3115480
3117151
3117226
3117330
3117386
3119274
3120113
3120275
3122218
3123994
3125769
3126685
3126973
3127274
3127953
3128175
3128373
3131439
3136865
3138500
3138652
3140455
3141238
3141599
3143834
3144207
3144221
3144332
3144798
3145368
3145459
3145867
3147104
3147685
3149541
3150309
3153472
3155250
3155561
3156144
3157077
3158279
3158513
3158618
3159624
3160439
3160714
3160788
3161292
3161717
3162529
3163426
3164032
3164852
3165332
3165520
3166534
3169335
3169669
3170319
3170717
3170728
3171606
3172746
3174127
3181317
3182087
3182529
3185166
3185436
3185939
3186456
3188040
3188175
3190783
3193568
3194052
3197197
3199347
3199427
3199813
3200361
3201293
3202400
3202619
3202827
3204161
3204543
3204623
3207273
3209832
3210008
3210749
3211196
3212027
3213082
3213119
3213786
3214984
3215510
3215848
3216389
3216462
3216608
3216650
3217545
3219829
3220013
3220074
3222397
3222816
3223688
3227303
3227422
3229554
3230188
3230509
3230958
3231453
3232585
3234673
3234695
3238731
3239806
3240331
3242798
3244545
3245170
3247516
3248055
3248130
3248285
3248679
3249576
3249983
3250098
3251794
3253453
3253856
3254144
3254258
3256184
3256948
3257034
3257717
3258051
3258328
3258929
3259430
3260115
3260884
3260957
3262061
3262064
3262869
3263248
3263956
3264485
3265499
3266461
3266604
3266745
3271240
3271492
3271709
3272758
3272813
3272938
3273582
3273652
3273912
3274302
3274711
3274712
3276303
3276659
3277008
3277310
3279237
3279680
3282352
3282983
3284107
3284577
3285012
3286518
3286530
3287850
3290368
3292164
3293000
3293079
3293372
3295133
3295773
3295803
3298950
3299106
3299328
3301788
3302552
3303188
3303665
3304517
3304785
3305682
3306304
3307008
3310083
3310491
3311087
3312211
3314473
3315508
3316790
3317185
3319492
3319601
3320550
3323206
3325641
3330483
3332023
3335844
3336699
3337120
3337633
3337832
3339728
3340375
3340391
3340416
3341252
3341864
3345041
3345569
3346639
3348442
3351061
3352171
3352515
3352831
3353179
3353478
3353729
3353958
3354074
3355720
3358076
3359747
3360978
3361049
3361085
3362471
3363831
3363974
3365147
3365187
3365396
3365534
3365763
3365791
3365800
3366180
3366568
3366854
3367124
3368729
3369096
3371901
3372352
3373406
3374575
3375895
3377184
3378686
3381637
3382105
3382493
3383032
3383456
3384876
3384902
3385068
3385758
3386119
3386827
3387477
3389918
3390003
3390736
3391169
3391559
3392565
3392818
3392915
3393687
3396318
3396766
3396803
3399221
3400946
3401959
3403385
3404416
3405021
3406962
3407382
3407480
3407591
3408081
3408272
3408490
3410152
3411694
3412446
3414698
3415140
3415922
3416184
3417248
3418751
3418752
3419630
3420587
3421108
3421133
3421313
3421858
3422707
3423324
3424254
3425214
3426075
3426189
3427734
3429659
3429743
3429821
3429948
3430027
3430112
3430606
3430739
3431167
3431258
3431293
3431637
3432578
3435914
3436138
3436180
3436850
3437178
3438161
3438195
3438667
3439201
3439509
3440402
3440958
3441916
3442617
3442806
3443075
3443979
3444951
3446374
3446712
3446754
3447118
3447441
3450071
3450420
3450496
3450497
3450994
3451132
3452136
3452410
3452843
3453380
3453925
3454785
3454833
3455893
3456644
3456798
3457380
3458104
3459221
3460878
3461408
3461454
3461480
3461669
3463302
3465174
3465298
3465557
3466028
3466321
3466873
3466999
3468647
3468930
3469166
3470303
3470637
3471279
3472478
3472553
3472638
3476678
3477585
3479587
3482659
3483023
3485333
3485604
3485827
3485986
3486138
3489462
3489879
3490427
3491505
3491529
3491575
3492477
3493354
3493424
3494988
3496425
3496936
3496955
3498700
3500091
3500430
3503171
3503393
3503955
3506570
3507137
3507266
3507735
3508455
3510326
3510775
3510919
3511003
3511994
3512036
3512441
3515851
3516551
3516553
3516861
3517018
3517112
3517807
3518904
3519026
3520776
3522002
3522876
3523753
3524052
3524190
3524536
3525793
3526542
3527792
3527849
3529028
3529245
3529780
3531583
3532930
3533420
3535860
3538101
3538153
3538511
3538813
3540839
3543243
3545074
3546521
3547044
3547082
3547089
3549610
3550343
3550869
3551203
3551966
3552600
3552999
3555220
3555440
3556289
3556391
3556903
3557401
3558941
3559501
3559948
3560288
3560926
3561102
3561897
3562248
3562739
3564424
3564790
3565077
3565577
3568568
3569371
3570269
3572179
3572187
3572197
3572603
3575176
3576487
3576769
3577030
3578155
3578437
3578465
3578730
3579122
3579195
3579857
3580448
3580744
3581100
3582819
3584544
3584746
3585545
3586250
3587033
3587364
3587825
3588035
3588639
3589513
3589656
3589983
3590084
3590579
3591962
3592369
3594615
3594936
3594949
3595127
3595931
3596985
3597232
3597498
3598707
3599269
3600222
3601767
3602371
3602583
3603351
3604914
3605230
3605382
3609925
3609952
3610031
3610533
3612575
3613144
3613562
3613754
3614075
3614107
3615092
3615310
3615320
3615468
3615970
3617018
3617341
3618276
3620289
3620401
3620540
3621293
3621691
3623127
3623321
3624366
3626426
3627741
3628309
3628739
3629454
3629482
3629684
3629780
3630257
3630478
3630647
3630735
3630885
3631632
3632419
3633116
3633973
3634607
3636057
3636201
3636375
3636973
3637067
3637119
3637648
3637899
3638557
3638708
3639621
3639846
3640211
3640213
3641128
3641558
3642532
3644019
3646104
3646400
3646750
3646770
3649067
3649823
3652626
3652949
3653802
3654548
3654956
3656953
3659143
3660463
3662031
3663752
3668663
3669330
3669499
3671322
3671759
3672377
3672928
3673938
3674069
3680454
3683043
3686535
3687133
3687596
3687815
3687959
3688147
3688393
3688581
3688794
3688932
3689536
3690003
3695276
3696486
3697313
3697438
3697522
3697639
3698758
3698886
3699170
3699508
3699834
3700496
3701639
3702572
3705814
3705919
3706080
3706421
3706487
3707081
3707635
3707654
3708629
3710624
3711331
3711355
3712022
3712907
3712935
3713422
3713799
3714472
3714996
3715943
3717598
3717983
3719948
3720758
3720895
3722004
3722307
3722736
3726858
3726896
3727361
3727925
3728272
3729449
3730328
3730567
3730932
3731524
3731960
3732204
3732897
3732968
3733399
3735694
3736499
3737873
3738826
3739211
3740903
3742448
3742675
3743601
3744141
3745670
3746926
3746949
3747991
3752984
3753198
3754037
3757014
3757049
3758380
3759450
3762306
3762420
3764203
3764369
3767702
3771223
3771551
3771723
3771730
3772303
3773389
3774073
3774546
3775119
3775200
3775503
3776218
3776911
3780430
3781497
3781944
3782656
3782704
3783166
3784235
3784307
3785811
3786693
3787690
3788107
3790657
3792827
3793912
3793970
3795790
3798256
3800927
3802097
3803822
3804201
3806222
3806818
3807198
3807628
3808794
3808992
3811582
3812186
3812702
3813151
3814063
3814543
3814909
3814989
3815302
3815854
3816036
3816988
3817183
3820011
3820063
3821747
3823469
3823849
3824306
3824609
3824935
3825431
3825572
3825757
3826015
3826703
3827737
3829375
3830450
3833900
3834502
3835201
3836014
3837627
3837820
3838679
3838903
3842190
3842707
3842712
3844527
3844897
3845923
3848527
3849123
3852910
3856664
3857711
3857799
3858399
3858567
3858650
3859701
3862829
3863031
3863689
3865828
3865915
3867483
3869341
3869463
3869776
3869972
3871963
3872535
3874965
3876117
3876954
3877570
3877805
3880751
3881421
3882850
3882996
3884430
3884991
3886397
3887590
3889138
3890531
3891464
3892075
3892882
3893615
3893749
3893768
3894597
3895167
3895380
3895965
3896382
3896504
3896671
3897043
3897350
3898371
3904758
3906081
3909156
3909194
3909407
3909757
3912194
3913610
3914287
3916937
3917278
3917576
3918379
3918788
3919637
3922514
3923379
3923476
3923959
3924048
3924447
3925140
3927201
3929118
3929230
3930799
3932328
3932816
3934222
3937877
3940395
3940723
3941100
3942758
3942794
3944508
3944854
3945814
3946695
3946905
3949495
3950557
3950695
3951277
3951750
3952312
3952534
3953147
3953949
3954564
3955183
3956659
3957200
3958683
3958816
3958998
3959589
3960451
3961445
3961740
3965009
3965219
3967045
3967574
3967763
3968118
3969069
3971924
3973522
3974143
3975230
3976478
3977479
3979209
3980577
3981396
3982107
3989190
3989448
3989563
3990229
3991686
3991895
3992673
3993771
3994196
3994202
3996522
3998359
3998498
4000341
4000712
4002869
4003200
4003550
4004823
4005391
4005667
4005675
4007289
4008849
4009079
4009430
4010964
4011288
4011407
4011691
4012706
4012862
4014072
4014819
4015056
4015725
4018714
4018970
4019578
4020977
4022009
4022226
4023079
4023227
4023570
4024747
4025336
4027238
4027330
4027696
4030216
4030471
4030749
4031332
4032117
4033168
4033290
4033751
4034959
4036068
4036177
4036757
4042156
4043434
4046168
4047196
4047656
4049115
4049730
4050126
4051087
4052306
4052736
4053870
4054343
4054412
4055265
4057568
4057718
4058160
4058469
4058627
4059153
4061780
4061954
4062857
4064224
4064750
4065325
4065495
4065585
4065793
4068803
4069586
4070652
4071099
4071334
4071840
4072196
4072780
4073478
4073709
4073871
4074157
4074933
4076894
4077309
4079937
4082835
4082971
4083385
4085060
4085866
4086769
4087849
4089083
4092471
4092540
4092644
4093073
4093525
4094578
4094609
4095493
4098778
4099536
4101478
4102644
4103015
4103055
4103272
4104397
4104808
4105431
4105637
4106059
4106543
4107466
4107844
4108146
4109065
4110322
4112543
4113554
4113644
4113816
4113956
4114565
4115263
4115586
4116343
4116957
4118141
4118255
4118625
4118634
4119483
4119721
4119999
4122919
4124735
4125187
4126659
4126810
4127029
4127505
4127620
4128137
4129400
4130450
4130612
4130647
4130950
4131293
4131324
4133103
4133670
4134413
4135156
4136260
4136562
4136658
4136845
4137023
4137201
4138885
4139122
4140264
4141599
4142441
4143636
4144334
4146321
4146638
4146971
4147344
4149803
4150623
4151988
4152304
4152609
4153258
4154709
4154713
4155311
4156322
4156458
4157104
4157190
4158672
4158876
4159096
4159980
4164148
4164909
4165222
4165777
4166471
4167229
4168986
4169817
4169818
4174516
4174812
4175743
4176999
4177542
4177862
4178289
4178612
4179196
4179228
4181144
4183266
4183837
4184038
4184151
4184153
4185506
4185770
4186784
4186826
4187766
4190179
4190485
4191406
4191453
4191789
4192335
4192408
4192747
4193009
4196373
4196675
4200457
4201053
4201427
4201545
4201968
4202149
4204708
4207198
4209349
4211101
4211516
4211607
4214840
4215918
4216717
4217670
4217672
4219263
4219444
4220972
4221775
4222816
4224213
4226896
4227437
4227762
4229335
4229786
4229982
4230739
4233277
4233759
4233931
4234855
4237090
4237724
4239187
4240812
4241491
4242448
4244077
4244484
4245927
4246276
4246345
4246379
4247373
4247466
4250058
4251284
4253016
4255021
4257925
4258509
4258988
4259514
4260163
4260496
4260693
4261095
4261126
4262882
4263722
4263801
4266745
4267706
4269760
4270091
4270101
4270380
4271605
4273690
4273759
4273957
4274116
4275238
4275400
4275593
4276578
4277156
4277212
4277213
4277937
4282171
4284515
4285822
4287034
4287963
4289901
4291053
4291719
4292265
4292424
4294427
4294831
4295246
4296202
4297903
4300864
4302911
4303685
4304022
4304516
4305329
4309148
4310006
4310242
4310321
4311394
4311697
4312038
4314598
4315005
4315317
4315374
4317352
4317611
4318480
4318786
4319203
4324234
4326155
4326501
4326595
4328070
4328859
4330854
4331310
4331312
4331803
4334264
4335804
4337092
4338905
4340323
4340656
4341074
4342016
4342043
4343464
4344233
4344329
4344893
4345537
4346410
4346837
4348387
4350014
4350190
4351568
4352868
4353878
4354595
4355059
4355076
4356975
4357076
4357600
4359944
4360410
4360801
4361765
4362246
4362581
4362712
4363012
4365129
4365508
4366069
4366703
4367312
4367645
4369288
4369425
4370110
4372970
4373824
4377381
4377586
4378757
4379587
4384498
4385141
4385148
4385873
4386978
4387374
4387583
4389952
4392312
4393060
4393210
4395035
4396016
4399709
4400988
4401270
4402129
4403160
4403167
4403911
4405065
4405124
4406074
4406425
4407471
4407590
4407934
4410134
4411686
4411706
4411755
4411819
4412671
4412684
4412861
4413108
4413709
4415982
4418605
4418681
4418757
4421491
4423012
4423485
4425208
4425222
4429103
4432230
4433243
4435288
4436063
4437463
4437754
4437829
4438721
4440098
4441380
4442125
4442656
4442717
4443931
4445140
4445358
4445705
4446849
4446887
4447366
4448423
4449324
4450209
4450565
4451728
4451819
4454858
4456542
4457331
4458404
4458417
4459730
4460916
4461741
4462519
4463098
4463758
4464461
4465113
4465993
4466626
4467232
4468529
4468930
4471330
4471482
4472542
4472861
4473174
4473433
4473807
4475012
4475447
4476502
4479405
4479690
4481350
4481673
4482926
4483233
4483750
4485545
4485799
4486590
4487342
4488368
4488386
4488628
4488965
4489079
4491649
4492838
4494976
4499566
4500104
4500232
4501058
4503600
4505098
4505298
4505480
4505606
4507453
4508789
4510502
4510995
4511183
4512398
4512610
4512766
4512956
4513130
4513154
4513834
4516934
4516953
4518065
4518463
4520055
4520231
4521216
4521370
4523453
4524076
4524085
4524862
4525323
4526777
4527261
4527868
4528462
4530305
4530407
4530978
4532398
4533000
4533367
4533786
4535409
4535828
4535920
4537129
4537298
4538382
4539451
4541540
4542815
4543180
4543897
4544481
4544985
4549457
4549836
4550645
4552073
4553420
4555002
4556765
4556787
4557049
4558698
4558967
4560310
4560629
4560810
4561319
4562302
4562627
4562979
4563448
4563566
4563639
4565094
4565342
4565539
4567086
4568189
4569451
4569751
4570010
4570535
4571178
4573431
4573574
4576267
4577094
4577448
4578579
4578762
4578869
4582596
4582598
4583145
4585078
4585279
4585929
4586055
4586233
4586657
4586844
4587070
4587473
4588112
4590873
4591845
4593730
4594188
4594882
4595869
4597027
4597559
4597961
4598364
4598434
4598609
4600374
4600492
4601639
4602057
4603251
4603294
4608240
4609915
4609996
4610468
4610475
4610794
4612124
4615302
4618444
4618637
4620671
4623398
4623913
4624929
4624981
4625610
4627925
4628119
4628180
4628190
4631504
4631689
4631698
4632238
4632591
4632601
4632694
4632820
4634509
4634590
4635839
4636382
4636899
4637374
4637519
4638523
4638970
4641107
4642061
4642349
4642597
4642653
4643467
4644003
4644248
4645292
4646880
4646981
4649005
4649580
4650615
4656254
4656318
4656450
4657088
4658301
4658476
4659667
4659756
4660133
4660510
4661437
4662324
4663288
4664577
4665565
4666190
4670301
4672113
4672926
4673890
4674597
4675007
4676267
4676384
4676922
4677941
4679777
4680316
4683159
4685306
4686233
4687930
4688210
4688711
4689899
4690659
4690690
4690775
4691623
4692385
4692757
4693906
4694218
4695030
4695176
4695377
4696004
4696580
4696646
4698819
4698974
4699595
4700082
4700278
4700880
4702442
4702592
4702787
4702936
4703128
4704540
4705636
4706058
4707855
4708626
4709169
4710221
4711177
4711711
4713993
4716317
4716596
4716637
4716810
4717296
4719315
4720714
4721582
4721979
4722932
4723367
4724010
4725795
4726551
4727185
4727707
4727817
4727825
4728312
4729128
4729628
4730399
4731084
4734256
4734492
4735442
4735696
4736028
4736436
4738266
4738666
4739775
4739983
4740393
4740586
4741152
4742420
4742762
4743673
4744959
4746113
4746701
4750772
4751022
4751099
4754500
4755494
4755660
4755806
4756343
4756568
4758488
4758731
4759785
4759838
4760294
4761808
4762309
4762744
4766094
4766211
4766364
4767213
4767456
4769285
4769424
4770566
4771211
4771558
4771650
4772276
4772679
4772743
4773166
4773497
4773989
4774202
4774493
4775416
4775500
4775938
4776885
4777596
4777663
4778715
4781094
4782617
4783057
4783195
4784753
4785077
4785838
4786277
4786281
4787029
4787631
4787759
4787799
4788377
4790051
4790631
4791920
4792151
4793031
4793497
4793602
4795535
4795683
4795791
4796009
4796175
4797388
4797634
4800713
4802356
4802535
4804348
4804947
4807021
4807254
4807479
4807855
4808938
4809570
4810795
4811190
4812677
4813211
4813965
4816707
4816845
4818129
4818482
4819262
4820262
4820702
4820715
4822370
4822473
4822677
4823082
4823813
4824912
4825701
4831098
4832362
4835554
4835918
4836034
4836672
4838936
4839153
4839993
4841197
4841843
4843891
4844701
4845297
4845643
4846240
4848236
4850108
4850260
4852880
4853418
4857214
4860323
4861850
4862443
4865165
4869860
4870139
4870372
4871830
4874034
4874181
4876241
4876756
4877975
4879532
4880151
4881177
4883575
4883944
4884635
4884858
4886634
4888190
4888617
4888647
4888748
4889363
4890284
4891338
4891515
4892165
4892240
4893751
4895225
4895875
4897260
4899380
4899862
4900441
4901228
4902141
4902363
4902815
4905188
4906110
4906321
4908801
4908932
4910997
4911565
4911882
4913475
4917369
4918121
4918155
4918396
4919042
4919703
4922285
4922360
4923154
4924349
4924787
4925055
4925162
4925715
4925888
4926805
4926842
4926891
4927903
4928245
4928328
4928779
4929721
4929829
4931188
4931373
4932861
4936176
4936315
4937032
4938240
4938574
4938701
4939567
4941878
4942018
4943280
4943814
4944239
4944416
4944709
4946136
4946252
4947583
4948749
4948772
4949441
4949718
4951073
4951314
4951618
4953893
4955231
4956091
4956114
4958020
4958389
4959644
4960846
4961244
4961453
4961666
4962438
4962741
4963153
4963654
4963927
4965149
4965581
4966046
4966577
4968086
4968543
4969982
4972074
4972245
4972453
4973255
4973476
4973487
4973876
4974067
4976969
4977579
4977710
4978254
4979690
4980097
4982063
4982203
4982639
4984701
4985702
4988605
4989615
4989858
4990171
4990793
4992274
4992538
4992730
4994446
4995518
4995704
4995803
4996072
4996472
4996744
4999218
4999995
5000886
5001393
5003432
5004094
5004639
5005049
5005503
5005692
5006953
5007251
5007408
5009768
5010444
5011122
5012003
5012832
5014227
5014232
5014475
5014585
5015980
5018891
5019159
5021170
5021227
5023462
5024042
5024071
5025336
5025599
5025754
5025796
5025854
5026833
5029090
5031242
5031398
5031518
5031689
5032153
5032212
5032312
5033492
5033911
5034265
5034535
5034548
5035118
5035938
5035951
5036436
5036607
5037235
5037751
5038398
5040070
5040212
5040641
5041603
5043019
5044966
5045158
5045712
5045970
5048937
5049603
5049649
5050596
5051398
5058139
5058426
5059363
5059884
5060025
5060066
5060160
5060491
5061758
5061844
5062542
5063180
5063625
5064331
5064429
5067381
5068978
5073467
5074530
5074559
5074768
5075357
5076642
5076895
5076982
5077529
5078817
5079531
5079825
5080024
5081270
5082256
5082263
5084316
5085002
5085334
5087524
5087752
5088059
5088358
5089408
5089624
5089714
5091485
5091540
5093088
5094890
5095343
5095784
5096508
5096638
5096669
5098562
5098882
5099486
5100744
5101386
5103060
5104802
5105180
5105568
5106170
5106231
5106467
5106521
5106729
5107038
5107614
5108152
5108510
5110095
5112825
5112913
5112923
5112973
5113572
5115172
5116027
5116676
5116923
5117135
5117187
5117571
5117598
5119187
5119395
5120056
5120794
5123382
5124614
5125407
5125495
5125720
5126617
5126725
5127175
5127794
5129841
5130369
5130556
5130890
5131323
5133407
5135306
5138803
5140499
5140900
5142524
5144208
5145630
5145959
5146543
5146973
5148882
5150022
5150211
5150677
5151643
5152258
5153889
5154349
5154828
5154839
5155379
5156035
5156144
5157057
5157220
5158596
5159068
5159161
5160030
5161938
5162542
5162952
5164355
5166413
5167452
5168631
5168692
5169344
5169768
5169886
5171694
5173195
5173275
5174047
5174729
5176364
5176465
5176731
5177043
5177691
5177737
5177834
5178119
5178241
5178329
5181412
5181913
5182365
5185546
5186313
5187120
5192752
5196429
5196680
5197424
5198275
5200543
5200557
5200728
5201286
5201291
5201476
5202188
5202979
5203117
5203547
5204724
5206823
5207317
5207553
5207720
5208686
5208717
5208730
5209090
5212141
5212672
5213672
5214496
5214635
5215197
5215730
5216115
5216550
5217008
5218035
5220029
5221298
5222375
5225149
5225909
5227564
5228483
5229308
5232584
5232673
5235279
5235666
5236174
5237470
5238526
5238560
5240133
5242694
5245009
5245622
5245689
5245786
5245805
5247230
5248106
5249801
5254258
5254971
5256977
5257234
5258174
5260484
5260706
5261021
5261903
5262402
5263004
5263985
5264687
5268080
5270141
5271709
5271741
5273792
5275621
5275904
5276052
5276666
5277518
5278631
5278687
5280563
5281094
5282164
5282495
5283400
5284248
5284397
5284954
5286069
5288187
5288353
5288950
5288977
5289384
5289679
5290301
5290406
5292594
5293526
5294213
5296305
5297339
5297340
5297705
5297758
5298591
5299198
5300132
5300411
5301502
5302574
5303936
5306050
5306735
5307430
5307464
5307867
5309973
5312456
5314178
5315994
5317197
5318596
5319745
5322029
5322442
5323863
5325147
5325701
5326368
5327631
5328986
5329334
5329809
5331130
5331633
5333911
5334485
5334708
5341617
5341992
5342174
5342450
5342450
5343484
5346752
5347294
5347582
5347610
5348002
5353590
5355521
5356012
5357710
5359080
5361365
5361703
5361996
5362720
5364614
5364937
5365149
5365293
5365381
5366048
5369212
5369297
5370252
5371607
5372896
5375281
5375831
5376021
5377210
5378006
5378080
5378104
5378309
5379150
5379370
5379711
5380220
5382658
5382919
5385961
5387616
5387894
5388159
5391272
5396057
5397049
5397776
5398311
5400555
5401046
5401450
5402179
5402766
5404534
5404595
5404677
5405285
5405816
5405914
5406040
5406734
5407208
5407630
5408575
5409606
5409680
5410054
5410201
5410411
5411203
5411295
5411596
5411709
5411942
5412129
5412137
5414144
5414596
5415154
5415846
5416232
5416232
5416340
5416971
5419036
5419760
5421213
5421362
5423194
5424061
5424608
5425586
5425758
5428642
5431492
5433489
5434703
5435435
5435688
5436777
5437500
5439328
5439436
5440576
5441579
5442992
5447510
5447980
5448922
5449822
5449936
5450159
5451213
5451770
5452377
5454265
5454444
5454999
5456302
5460025
5460978
5461127
5461753
5462447
5462835
5463569
5465979
5469158
5469622
5471121
5471625
5471916
5472477
5472780
5472843
5475479
5478631
5479333
5480328
5480394
5483465
5484067
5484075
5484459
5485269
5487235
5488718
5489689
5490871
5490999
5491428
5493329
5494564
5494854
5496132
5496543
5497218
5497673
5497908
5498292
5499699
5500507
5500618
5501458
5501634
5501964
5502066
5503200
5505260
5505318
5505370
5506119
5506322
5506749
5507505
5508690
5508815
5508840
5509298
5509594
5509973
5510992
5511878
5512869
5513449
5515002
5515018
5516713
5516814
5517284
5519108
5519241
5519469
5520155
5521126
5521294
5523485
5523533
5524100
5524246
5524712
5525858
5526737
5527825
5529698
5529981
5530648
5531701
5532050
5532151
5532507
5533108
5536314
5537227
5539100
5539280
5544170
5544266
5546967
5547655
5548420
5548901
5550762
5550866
5552415
5552561
5552716
5552999
5553966
5554108
5554610
5554784
5556435
5556641
5556767
5556849
5557527
5558295
5558626
5559047
5559209
5560543
5562037
5562810
5563076
5563633
5564007
5564136
5564345
5565061
5566784
5567027
5567275
5569019
5570294
5570760
5571239
5571965
5572358
5573791
5574161
5575450
5576726
5577009
5577143
5577966
5579641
5579750
5579915
5581388
5581637
5581806
5583271
5584704
5590768
5591821
5594144
5594188
5595843
5595859
5596041
5596269
5596404
5597047
5598312
5599082
5600251
5601530
5601762
5602497
5602696
5605916
5606691
5607075
5607167
5608149
5608420
5608602
5608732
5609203
5610103
5611082
5611673
5611938
5612864
5613139
5614514
5614924
5617028
5617296
5617362
5617543
5618971
5619386
5620134
5620315
5620455
5621136
5621413
5622303
5622708
5624364
5625638
5626355
5626424
5626932
5627124
5627603
5628125
5628477
5629692
5631099
5631254
5631428
5631489
5632405
5632610
5633729
5634807
5634874
5635171
5635802
5637003
5637068
5637148
5637232
5637366
5637418
5637798
5638245
5638447
5638536
5640101
5640521
5640525
5640653
5641509
5641581
5642054
5645347
5645653
5645885
5646814
5648987
5649801
5650220
5650228
5650964
5651100
5651512
5652171
5652194
5652715
5653437
5653576
5653753
5654288
5654944
5654963
5656172
5657022
5658010
5658681
5659903
5660301
5663817
5664081
5664577
5664903
5665278
5665747
5665770
5666516
5669500
5669726
5671448
5671923
5673202
5673341
5674131
5674166
5674701
5675115
5675240
5676044
5677136
5679080
5679418
5679518
5680768
5681141
5681146
5681266
5682366
5682496
5682836
5682872
5684184
5685586
5685672
5686378
5687544
5688214
5692220
5692913
5694908
5694914
5696115
5696136
5697584
5699172
5700085
5700232
5703550
5703978
5704029
5708422
5708482
5708676
5708772
5710073
5710196
5710595
5711095
5712093
5712212
5713923
5714491
5715784
5715916
5716143
5717111
5717271
5717526
5720625
5721131
5721385
5722639
5725129
5726148
5726246
5727087
5727134
5727558
5727692
5727860
5728419
5728778
5728854
5729228
5730569
5730746
5730939
5731856
5732692
5733112
5733383
5734124
5735265
5736187
5736813
5737031
5737245
5737469
5739166
5740856
5741975
5742242
5742243
5742681
5743408
5744913
5745577
5745641
5746290
5748191
5748554
5751033
5752955
5753204
5753781
5754403
5754637
5756355
5756795
5756965
5758682
5758758
5760666
5761480
5765281
5765593
5765959
5766101
5767168
5767354
5767622
5767714
5768563
5769066
5770027
5770403
5771143
5771383
5771607
5772410
5772635
5774200
5774300
5775030
5775834
5777886
5779135
5780311
5780608
5783824
5784738
5786660
5786765
5787019
5788018
5788908
5790078
5790204
5791290
5792233
5792510
5793628
5793698
5794150
5794778
5794792
5797854
5799468
5799739
5800472
5801299
5803166
5803632
5804474
5805433
5805529
5806698
5807482
5808006
5808987
5809814
5809956
5812543
5813481
5813519
5813865
5816538
5816759
5818631
5821229
5821811
5822864
5822983
5823609
5823930
5824070
5828253
5828314
5828441
5828855
5833073
5833440
5834039
5834228
5835773
5836740
5837384
5837745
5837849
5838152
5839439
5840707
5840967
5841588
5844201
5847715
5847882
5849676
5851618
5852959
5853300
5853505
5854993
5855421
5857454
5858237
5859940
5864359
5866087
5867622
5868125
5871292
5871300
5871786
5872199
5872750
5873771
5874890
5875505
5876637
5876823
5877360
5878465
5879176
5881102
5883077
5883472
5884167
5885282
5886057
5886755
5887616
5888492
5893057
5896478
5897184
5897571
5898024
5900526
5900625
5901560
5902179
5904536
5905260
5908865
5909085
5911032
5911083
5912023
5912195
5912449
5913333
5913678
5916464
5916472
5917134
5917592
5918295
5920873
5920936
5922276
5922297
5923554
5923689
5923907
5924152
5924964
5925570
5926331
5929084
5929716
5929900
5931025
5931034
5933998
5934234
5937699
5938129
5938365
5938555
5939613
5939804
5940613
5941332
5942029
5943130
5943583
5943656
5944056
5945137
5945643
5945695
5946493
5947244
5948459
5950045
5951255
5951489
5952602
5953629
5954076
5954642
5957296
5957422
5957777
5958688
5960013
5960671
5962543
5968794
5969308
5969671
5971217
5971743
5973385
5975004
5975881
5975977
5976069
5977052
5980360
5981373
5982882
5982954
5983436
5985346
5985808
5987457
5988016
5988076
5989013
5989108
5989795
5989944
5990666
5991237
5991500
5992336
5995191
5996191
5996468
5998857
5999817
5999878
6000559
6001208
6001995
6002079
6002354
6005575
6007925
6008567
6008649
6008893
6008939
6009290
6009898
6010738
6013262
6014167
6014169
6015270
6015599
6017717
6018410
6018894
6018995
6021008
6022408
6023049
6023318
6025977
6026880
6028801
6028818
6028871
6028995
6032522
6032907
6033519
6033562
6034935
6036829
6037201
6037888
6038066
6038120
6039356
6039828
6039939
6040488
6040944
6040968
6041220
6042034
6042584
6042963
6043678
6045228
6046023
6047681
6049581
6050360
6053398
6053751
6053769
6053847
6054263
6054338
6055182
6056479
6057245
6058427
6058484
6061819
6062217
6062432
6062652
6063184
6063389
6063825
6064371
6064996
6066319
6066584
6067777
6068375
6068589
6069162
6069352
6069465
6070093
6070427
6070755
6071420
6071630
6071688
6071747
6071767
6074036
6074045
6074491
6076409
6077522
6077935
6078552
6080881
6081563
6082542
6082735
6087878
6088241
6089295
6093581
6094533
6099226
6099706
6102501
6103560
6104428
6106285
6106522
6108404
6108826
6109218
6109512
6110032
6110194
6113727
6115582
6115687
6115973
6116564
6118085
6119561
6120132
6120195
6125111
6126204
6126280
6128734
6129905
6130079
6130510
6131289
6132110
6133610
6135339
6137260
6138546
6139699
6139806
6140111
6141728
6142150
6142766
6143375
6144433
6144697
6146478
6147259
6147374
6147757
6147773
6148978
6150482
6151329
6151588
6152163
6152375
6152918
6152970
6152980
6154039
6154353
6156802
6158056
6158225
6161124
6162469
6162714
6163009
6163528
6163548
6163972
6164188
6167937
6168079
6168844
6168858
6169419
6172373
6174462
6175305
6176329
6177427
6177669
6178946
6179434
6182234
6182366
6183169
6183760
6184046
6184698
6185146
6185207
6186078
6186399
6189615
6191554
6191607
6192887
6192946
6195585
6195993
6197678
6197848
6198910
6200381
6200641
6202204
6202769
6204150
6204814
6205243
6205569
6208818
6209568
6209744
6210482
6210734
6211317
6212711
6214250
6214770
6216044
6221144
6221257
6221288
6223481
6224116
6224246
6224250
6224832
6224967
6226042
6226514
6226728
6226924
6227337
6227382
6229785
6229833
6231294
6231393
6233610
6234250
6234933
6236484
6237287
6237979
6238900
6239505
6239711
6239807
6239882
6242763
6243008
6243196
6243282
6244244
6244250
6245437
6246239
6247023
6248777
6249271
6249379
6252131
6252374
6252400
6254732
6255286
6255465
6256209
6256344
6257171
6259210
6259341
6259592
6260297
6260562
6261643
6262218
6265549
6265576
6266053
6266451
6267011
6267881
6268238
6268511
6270445
6273051
6274399
6275958
6278444
6279049
6279286
6279589
6280138
6283181
6283277
6285760
6285846
6286614
6287081
6290056
6290941
6291493
6291851
6292872
6293102
6293625
6294553
6295463
6295828
6296659
6298227
6298275
6298330
6298353
6300525
6300963
6302519
6303087
6303786
6303934
6304373
6305517
6305795
6307066
6307666
6308032
6308092
6309335
6309773
6310456
6310796
6311177
6312317
6315261
6316124
6316392
6316686
6318371
6318997
6319037
6320423
6324557
6325288
6325427
6327725
6329281
6330593
6331649
6331965
6332121
6332310
6332634
6332934
6333285
6334175
6335091
6336311
6336611
6339818
6340276
6340864
6341448
6342470
6343862
6344708
6344866
6345020
6345070
6345604
6346099
6349393
6350530
6350618
6351773
6352406
6353385
6357044
6357972
6360416
6361187
6362303
6363625
6364805
6364969
6367150
6367536
6368088
6368934
6369132
6370440
6370642
6371013
6371921
6374191
6374897
6376011
6376221
6378238
6378643
6379280
6380387
6380630
6381006
6381417
6381623
6382229
6382597
6383248
6383717
6383817
6383868
6383951
6384302
6385526
6387008
6388952
6389333
6389535
6389542
6390674
6390863
6391004
6392380
6393439
6394270
6395795
6396159
6396194
6396473
6396499
6396516
6399880
6401121
6401214
6401734
6401849
6404141
6404301
6404471
6404964
6406155
6406334
6407196
6407300
6407927
6408037
6408100
6409814
6411403
6411413
6411919
6414032
6414273
6415556
6416008
6416380
6416533
6419499
6421896
6421971
6423388
6423894
6424967
6425340
6426420
6427697
6428973
6430221
6430685
6431641
6431873
6433477
6434092
6434127
6435376
6435866
6436070
6438251
6439254
6439443
6440099
6440515
6440975
6441076
6443338
6443365
6445608
6445880
6446516
6446861
6448887
6449076
6450134
6451183
6451925
6453813
6454604
6455124
6456004
6456550
6456867
6457185
6457598
6458189
6459898
6460132
6461087
6463291
6464242
6467311
6469728
6470518
6470903
6470904
6471102
6471888
6472220
6472511
6472577
6472815
6474585
6475325
6475443
6475552
6476088
6476175
6478936
6479099
6479728
6480841
6480959
6482824
6483889
6485465
6488383
6488930
6489560
6489872
6490509
6493469
6493790
6494383
6494441
6495585
6497045
6497847
6498371
6501427
6501482
6502376
6502751
6503411
6504520
6505037
6505362
6505497
6505751
6506905
6506906
6507053
6508646
6510594
6511239
6512125
6513173
6514199
6514556
6515644
6516096
6516513
6517200
6517221
6517861
6517957
6518957
6519436
6519890
6520055
6521377
6522805
6524775
6525765
6525958
6527093
6527271
6528104
6529176
6530156
6530871
6531079
6531684
6532329
6533436
6534157
6534942
6535315
6535920
6537615
6538129
6540439
6542440
6542574
6545331
6545655
6545792
6546335
6548543
6548749
6549240
6550311
6551332
6551577
6551711
6551812
6552287
6552418
6552722
6553115
6554625
6554636
6555289
6555293
6558081
6558401
6563011
6563295
6564749
6565442
6567013
6568292
6569100
6569638
6570181
6571096
6571167
6572956
6573197
6573209
6575129
6576065
6577009
6579604
6581030
6581091
6582078
6583552
6584580
6586218
6586543
6587944
6588270
6588591
6589034
6589332
6589521
6591210
6591309
6591375
6593164
6595373
6596617
6597848
6598427
6598903
6600401
6600445
6602060
6603404
6603701
6604400
6605322
6605656
6605765
6605888
6606124
6607229
6607442
6607585
6608725
6610672
6610778
6611096
6611864
6613418
6614724
6617574
6618141
6618569
6619061
6619246
6619608
6620326
6622225
6623508
6626354
6628495
6630560
6630675
6631859
6634759
6634763
6634983
6635499
6636211
6636239
6637959
6638191
6638349
6638973
6640387
6641920
6641973
6642673
6643172
6643967
6645684
6646607
6649265
6650180
6653681
6653884
6653970
6655065
6655188
6655341
6656258
6656759
6656983
6658038
6658574
6658707
6659156
6661617
6662582
6662829
6664399
6665561
6666705
6667107
6668591
6669573
6669855
6671296
6675599
6675745
6676751
6676772
6678603
6680776
6683235
6684377
6684520
6686020
6687069
6687988
6689065
6690042
6690495
6690649
6691129
6692445
6692476
6693558
6694038
6696268
6696616
6696783
6697111
6699093
6699510
6700021
6701526
6701828
6702459
6703297
6704387
6704909
6705705
6706696
6706699
6707008
6707559
6708145
6710683
6711648
6711870
6715590
6716150
6716387
6717271
6718352
6718969
6720282
6721127
6722234
6723142
6723229
6725056
6725621
6725748
6726152
6726311
6726788
6727724
6727807
6728290
6729252
6729307
6730352
6730403
6731070
6731183
6731653
6734597
6736167
6738199
6738215
6738543
6740634
6740972
6741478
6742274
6743120
6746286
6746530
6747439
6747915
6748034
6749117
6749376
6749977
6750074
6751425
6753752
6754161
6755512
6757926
6758191
6759830
6762533
6762733
6762801
6763608
6764180
6764334
6764837
6766811
6767250
6768269
6772116
6772372
6773814
6773907
6774654
6774794
6776542
6778281
6778850
6779359
6780940
6782778
6784448
6786876
6789899
6789972
6790074
6791283
6791314
6791789
6792741
6793917
6795398
6796189
6796764
6796831
6797100
6797182
6797835
6797984
6798521
6798593
6800146
6800804
6800981
6801458
6801966
6802965
6807109
6807111
6807786
6809127
6809716
6809909
6810220
6810751
6811216
6815470
6816664
6818136
6820284
6823036
6823082
6823417
6825319
6825967
6826976
6827172
6827461
6827999
6828969
6829394
6829439
6830432
6830799
6831937
6832644
6832688
6835417
6835832
6835880
6836268
6836586
6837042
6837406
6837431
6838885
6838938
6838991
6841327
6841829
6843025
6845199
6845216
6846414
6847729
6848596
6848823
6851831
6853347
6853506
6853734
6855416
6857560
6858477
6859606
6860182
6861563
6863646
6864579
6864798
6865192
6865464
6867632
6867801
6868825
6869060
6869476
6871458
6872391
6872681
6872859
6873130
6873188
6874007
6874317
6875473
6876537
6876845
6877906
6878369
6879049
6879558
6880687
6881078
6881843
6882061
6882222
6885339
6887708
6887902
6888077
6888109
6888132
6890176
6891794
6891848
6895256
6895712
6896111
6896631
6897602
6900206
6901196
6901552
6902912
6903916
6904199
6904226
6905426
6907368
6907778
6909477
6910698
6912393
6914301
6915500
6915591
6915764
6917209
6917257
6917789
6919606
6920513
6921655
6922594
6923462
6923582
6924030
6924415
6925528
6925640
6926460
6927769
6928061
6928233
6928545
6929007
6930861
6932897
6933387
6938702
6939091
6939399
6940466
6941288
6942009
6942060
6943192
6944036
6944044
6944335
6945939
6948244
6949723
6951724
6953764
6954900
6955669
6955756
6956393
6956584
6958640
6959300
6961840
6962129
6962244
6962353
6963517
6964423
6965385
6968016
6968266
6969702
6969807
6970208
6971645
6971746
6973794
6975104
6975452
6975935
6978864
6979572
6979832
6981017
6983005
6983863
6984892
6985094
6987049
6987113
6987931
6989175
6989447
6989598
6990181
6990306
6993593
6993709
6994508
6994661
6995242
6995526
6995985
6996552
6998407
6998857
6999382
7000022
7000366
7000593
7003922
7004204
7004208
7004285
7004558
7004869
7005588
7006072
7006432
7006666
7008132
7009108
7009639
7016301
7016597
7016666
7017768
7017945
7018107
7021350
7021740
7021899
7022795
7024050
7024365
7024472
7024497
7024506
7024822
7025831
7026215
7028290
7028451
7028655
7031552
7031729
7032508
7032796
7033611
7034711
7034775
7034910
7035191
7035419
7036949
7036976
7037472
7037968
7042623
7043198
7043528
7044809
7045139
7045834
7046456
7048728
7049707
7050785
7053435
7055393
7057849
7058406
7059857
7060745
7061610
7063636
7064474
7065128
7065746
7067386
7068009
7068047
7068666
7070123
7070462
7070574
7072933
7073275
7074234
7074255
7075242
7075594
7077646
7079167
7079623
7080377
7080733
7082111
7084312
7085103
7085270
7085948
7086393
7086396
7087048
7087547
7087871
7091871
7093162
7093218
7095573
7095678
7095690
7096740
7097270
7097476
7098250
7098387
7099509
7104116
7108009
7108232
7108457
7110242
7110611
7111627
7112978
7113480
7113858
7114294
7115962
7116981
7120346
7121542
7124512
7125342
7127314
7128702
7129532
7131187
7132552
7137164
7137636
7137875
7140083
7144078
7144149
7144611
7144775
7145094
7148185
7148766
7149297
7150107
7150511
7153339
7154363
7154949
7156283
7157230
7157256
7159175
7161644
7161701
7162885
7164161
7166919
7167256
7167580
7167583
7168681
7169353
7170499
7172458
7172954
7173284
7174769
7174863
7175320
7175358
7175537
7175807
7176243
7176416
7176498
7177025
7177096
7177803
7181104
7181801
7184090
7184771
7186782
7188565
7190491
7190740
7190821
7191743
7193490
7195173
7197707
7199901
7200448
7206088
7207322
7209698
7210051
7210205
7210753
7211139
7211591
7213583
7213637
7214104
7214807
7215950
7216879
7217339
7219726
7219946
7222596
7223496
7223683
7223917
7224477
7224666
7225420
7226854
7227902
7229526
7231027
7232803
7233129
7233312
7233345
7235363
7235740
7236567
7237258
7239575
7239591
7239960
7240568
7241292
7243639
7243839
7245203
7245941
7246461
7246561
7247400
7247544
7248580
7249841
7250065
7251461
7252213
7252545
7252820
7254193
7254303
7256458
7256738
7256807
7257437
7257455
7258988
7259296
7260161
7260910
7261417
7264063
7264844
7267741
7268126
7269385
7269807
7270281
7270403
7272607
7272868
7273302
7275603
7277356
7279658
7280916
7281501
7283201
7284189
7286543
7287899
7288302
7288336
7289127
7289365
7290600
7291880
7292313
7292684
7292903
7295237
7295327
7296509
7297779
7299397
7299519
7299781
7299878
7300482
7302518
7303449
7305473
7307622
7309028
7309662
7309774
7310252
7310515
7313163
7313601
7315031
7315043
7315098
7316697
7316979
7316982
7318117
7318991
7320844
7321373
7323329
7324190
7324344
7325587
7328062
7329843
7329957
7329978
7330757
7331261
7332441
7333109
7336718
7337949
7338360
7339432
7339451
7339604
7339756
7340067
7340421
7342446
7342759
7344132
7344785
7345781
7345817
7347243
7348871
7349599
7352875
7353294
7353320
7354590
7354684
7355887
7356420
7356800
7358541
7360565
7361604
7361996
7362060
7362861
7363435
7363671
7365788
7365791
7367153
7368426
7369083
7369348
7370739
7371972
7373044
7374338
7374389
7375261
7375271
7375669
7376798
7377245
7377904
7379017
7380307
7382167
7385404
7385887
7386327
7386467
7386821
7387095
7388325
7388652
7389857
7390519
7390601
7390697
7393091
7396197
7396218
7396699
7398424
7398965
7400598
7400843
7401320
7404139
7404158
7404716
7406278
7409360
7410144
7412045
7415051
7415470
7416392
7416858
7417100
7420624
7421155
7422049
7423268
7423670
7425208
7425271
7426794
7428280
7428940
7431982
7432580
7433242
7433594
7434521
7435146
7438715
7439092
7441268
7442014
7442340
7442421
7446936
7446967
7447133
7449630
7452118
7453885
7457601
7458340
7459707
7460591
7464147
7464251
7464508
7466382
7466674
7467383
7469395
7470231
7471589
7471708
7472285
7473017
7473049
7474127
7475321
7475363
7476201
7477854
7478646
7478845
7479528
7480079
7480226
7482286
7484692
7485544
7486946
7487579
7488347
7488594
7490580
7490764
7490983
7493034
7494040
7494164
7494521
7495052
7495782
7500300
7501017
7501298
7502551
7503079
7503179
7504240
7506329
7507597
7510002
7510259
7511107
7511134
7511219
7511550
7513181
7514804
7514881
7514967
7515984
7517334
7517345
7518007
7518380
7518724
7520522
7521303
7522487
7523579
7524464
7524914
7525610
7527050
7527111
7527432
7527901
7530193
7530692
7531510
7536244
7536715
7537000
7538406
7538491
7540531
7541488
7541596
7543056
7545174
7545504
7547202
7547396
7548125
7548704
7549582
7549759
7550196
7550208
7550982
7551814
7552131
7552461
7552538
7552686
7552803
7553818
7554122
7554989
7555364
7555670
7556333
7556557
7556841
7557713
7558914
7559115
7560564
7561061
7561493
7565344
7566591
7568225
7568649
7570637
7571135
7572140
7572274
7574243
7574291
7574441
7574868
7575710
7576552
7578061
7578649
7579983
7580273
7580319
7582414
7583180
7584556
7585595
7585689
7586874
7586904
7587346
7590615
7591565
7591674
7592693
7592728
7595297
7596189
7597849
7598089
7598804
7598844
7599795
7599860
7600306
7602634
7604114
7604185
7604419
7605227
7607068
7607687
7609727
7609733
7610311
7613128
7613538
7613780
7614468
7614596
7616363
7616775
7619807
7621093
7621776
7624943
7625219
7626920
7627928
7629667
7630579
7632414
7633198
7633351
7633421
7635217
7638352
7640290
7640407
7640798
7641153
7641180
7641830
7642320
7644681
7645091
7645285
7645336
7645341
7646345
7646463
7648408
7649523
7649856
7650667
7652647
7652809
7653823
7654357
7654578
7654807
7655905
7655920
7656211
7656420
7656490
7656498
7657274
7659008
7659579
7660081
7661045
7664035
7665626
7665911
7666732
7667197
7667885
7668317
7670062
7670065
7670142
7670636
7670978
7671253
7672046
7673809
7674323
7674524
7675672
7676010
7676536
7676875
7677085
7677450
7679923
7679949
7680117
7681383
7682462
7682582
7682683
7683544
7685181
7685721
7686591
7686605
7688456
7688504
7689275
7690958
7691196
7693640
7693890
7694702
7695799
7696414
7699432
7699879
7701049
7701186
7701339
7701342
7701450
7702372
7702673
7702724
7703342
7703851
7704288
7704758
7706354
7706754
7706922
7707452
7709478
7709995
7710051
7710911
7714406
7715606
7717533
7719801
7719901
7720586
7722397
7723971
7724576
7724993
7725676
7726109
7727043
7727058
7727451
7727880
7728450
7728532
7728590
7728763
7729876
7731793
7732133
7732146
7734751
7735612
7735670
7735741
7735992
7736983
7737731
7738655
7738714
7739646
7741928
7742169
7742772
7742781
7745285
7745618
7746491
7746972
7748801
7749736
7750080
7751223
7751372
7752633
7752838
7753024
7753376
7753786
7754476
7755527
7756027
7756970
7758385
7759062
7759569
7760927
7762033
7763378
7765550
7765572
7766109
7766375
7767546
7769536
7770026
7771269
7772238
7773067
7773231
7773273
7773603
7775484
7776046
7776126
7776638
7776804
7776822
7776881
7777060
7779110
7779876
7780055
7780137
7780328
7780646
7782110
7782531
7784275
7784300
7785444
7785673
7786883
7787269
7787800
7788249
7788419
7788501
7789107
7789618
7790721
7790777
7792825
7794780
7795122
7795385
7795485
7795811
7796955
7798510
7799199
7799948
7802085
7802244
7802574
7803628
7804018
7804677
7805591
7806421
7807483
7807639
7807641
7811132
7811472
7811576
7813004
7813978
7814163
7815024
7815822
7815861
7815912
7816379
7819514
7820517
7820756
7822520
7822985
7823527
7824396
7825428
7825828
7829834
7833425
7833592
7834176
7836543
7836994
7838786
7839944
7842960
7844728
7845218
7845813
7849972
7850096
7850189
7850644
7851094
7852996
7853159
7854492
7854673
7855071
7858570
7860506
7860627
7860910
7861453
7861493
7861951
7863933
7864513
7864562
7865289
7865521
7866006
7866777
7867642
7867918
7868205
7868819
7869944
7871230
7871296
7871395
7872682
7873356
7876002
7876982
7877175
7878099
7879390
7881998
7882668
7882683
7884148
7885570
7887473
7887708
7887903
7887972
7889117
7890187
7890576
7890925
7893183
7896992
7897432
7899688
7899701
7901230
7902099
7903752
7904088
7904445
7905404
7906720
7907046
7907090
7908619
7909006
7909750
7910364
7910433
7911176
7911269
7912546
7912633
7915358
7915595
7915635
7916002
7916130
7917035
7918556
7920987
7921027
7923046
7925155
7926465
7926595
7927008
7927410
7927489
7927688
7927868
7929001
7931485
7931767
7931824
7932667
7934284
7935575
7935828
7936186
7936247
7937434
7939017
7939212
7939867
7941582
7942697
7943501
7945037
7945521
7946916
7947268
7948642
7949573
7949990
7950078
7951195
7952629
7952834
7952901
7953122
7954071
7954868
7954905
7955007
7957327
7958089
7958559
7958603
7958679
7959190
7960523
7962592
7964048
7965202
7965796
7966768
7966809
7968233
7968274
7971895
7971931
7971969
7972283
7972425
7974952
7975857
7976373
7977495
7978384
7978458
7979154
7979849
7980009
7981667
7984737
7985149
7985294
7986048
7986059
7986121
7986884
7989418
7992384
7992585
7992807
7993764
7995606
7996252
8000371
8001083
8001128
8001727
8001964
8002424
8003239
8003580
8003758
8003814
8004225
8006002
8006404
8007425
8007834
8008400
8009402
8009607
8012013
8013381
8014081
8014598
8014639
8016399
8017259
8019496
8021236
8022034
8022588
8022743
8023422
8023756
8024721
8024745
8025149
8026124
8026973
8030813
8031052
8032349
8032424
8033140
8033498
8035262
8035877
8036050
8036262
8037896
8038744
8039846
8042185
8043160
8044594
8046819
8046909
8047218
8049743
8051023
8051239
8051558
8054193
8054410
8056295
8056693
8057765
8057922
8058075
8058249
8059156
8060405
8061582
8062442
8062673
8063199
8063695
8064278
8066164
8066632
8067123
8068814
8069746
8069839
8071929
8071972
8072346
8075061
8076696
8077762
8077999
8078034
8080138
8080617
8081710
8082954
8084095
8084719
8084898
8085398
8086160
8087094
8087194
8087927
8090311
8092774
8093278
8093629
8095305
8095409
8096601
8097243
8097494
8098032
8098224
8098877
8098915
8100503
8100557
8100600
8102440
8103483
8103754
8105331
8105924
8106312
8107709
8107945
8108693
8108758
8112186
8117588
8119037
8122528
8122683
8124344
8126478
8127394
8128519
8129545
8132021
8133746
8134568
8135452
8135557
8136329
8136791
8137329
8139721
8142660
8142817
8143806
8147079
8147465
8149915
8153275
8156038
8156437
8156767
8157371
8158738
8158953
8160253
8160627
8163355
8164333
8165202
8165217
8165291
8165532
8167637
8167921
8168892
8170145
8170713
8172220
8173126
8173389
8174278
8175704
8176015
8179396
8180287
8180490
8180787
8180878
8182496
8182632
8183856
8185841
8187942
8188033
8188186
8190946
8191928
8192893
8193024
8193862
8195551
8196070
8198634
8199082
8199220
8199263
8201087
8201518
8201604
8201958
8202030
8203536
8204289
8204766
8205880
8209978
8210574
8211015
8211317
8211492
8211839
8211988
8214051
8214938
8215376
8215549
8217409
8217572
8218408
8218478
8219037
8221676
8222696
8223116
8223959
8225106
8225452
8226240
8227917
8228683
8228907
8230775
8231394
8236823
8236842
8237957
8239936
8241092
8241708
8242145
8242661
8243715
8244813
8245427
8246531
8247078
8247118
8247560
8248386
8248990
8249535
8250089
8251581
8251856
8252005
8254319
8256191
8257962
8258116
8258198
8258345
8259031
8259329
8259933
8260470
8261154
8261187
8263244
8263834
8265115
8266092
8268526
8268576
8269258
8269612
8270287
8270850
8270987
8271571
8271990
8273229
8273260
8274532
8274552
8276456
8278087
8278750
8280884
8281306
8281376
8281461
8283466
8285843
8286043
8286678
8286956
8287099
8287569
8288503
8289016
8289559
8289861
8290365
8291536
8292793
8292823
8294436
8294702
8296931
8301206
8302360
8302394
8303994
8306946
8307681
8309505
8309539
8309545
8309994
8310640
8311111
8311524
8311873
8311903
8312708
8312712
8315297
8316438
8316799
8317178
8317878
8318937
8320069
8320702
8321206
8323346
8323474
8323592
8324078
8324622
8324771
8324908
8324996
8325836
8326409
8326848
8326863
8327135
8327206
8327270
8327499
8327515
8328344
8328743
8329580
8329943
8330471
8331528
8332107
8333848
8333894
8334880
8335352
8336313
8339725
8339853
8341295
8342441
8342757
8343142
8343765
8344230
8344342
8344349
8346419
8347785
8348096
8348707
8353717
8354976
8356104
8356220
8357822
8357916
8358690
8359046
8359631
8359981
8360276
8360814
8361669
8362202
8362392
8362794
8363605
8364753
8367292
8367569
8367707
8367927
8368563
8368827
8370243
8370895
8371423
8372834
8373817
8373954
8374734
8375375
8375645
8378093
8378188
8378567
8381116
8381455
8382521
8382736
8383150
8384134
8384605
8386611
8387292
8388326
8389667
8390633
8390708
8393090
8393276
8393764
8393961
8394246
8395378
8395907
8396047
8396408
8397827
8400258
8401158
8401721
8402914
8404524
8409184
8409507
8409597
8410168
8410805
8411437
8411951
8412626
8415659
8415746
8419394
8419637
8420086
8420569
8421833
8422510
8422865
8423728
8425664
8425666
8426342
8427529
8427576
8429396
8429508
8431114
8431847
8432947
8434538
8435899
8436703
8438258
8439395
8439450
8440084
8440786
8440837
8442562
8443388
8443882
8444122
8445649
8445995
8447155
8447880
8448382
8449013
8449887
8450311
8450805
8450909
8454201
8455112
8455572
8455663
8458272
8458802
8460477
8461322
8461631
8463758
8464878
8467971
8469927
8471553
8472261
8476657
8476777
8477513
8481265
8481592
8481644
8482145
8482814
8483779
8484820
8485169
8486127
8488455
8488597
8488742
8489482
8489581
8490084
8492283
8494040
8494843
8495669
8495885
8497742
8498673
8499656
8499900
8502300
8502315
8502869
8503687
8503774
8505010
8505493
8507359
8507905
8508139
8508605
8509440
8511380
8513674
8513734
8514785
8516908
8517802
8517896
8518189
8519275
8520104
8520992
8521472
8522715
8524820
8525105
8525289
8525965
8530248
8530694
8531294
8531320
8533785
8534110
8535839
8535862
8537060
8537776
8538184
8538203
8538498
8540803
8544794
8546108
8548420
8552459
8552490
8554061
8554145
8554256
8554975
8556144
8558115
8558489
8558516
8559097
8559681
8560934
8563480
8563640
8565814
8566299
8566561
8567113
8568014
8569070
8570140
8570769
8571659
8572030
8573042
8575885
8576252
8576368
8576987
8579829
8580297
8581151
8582173
8583109
8583504
8584042
8584740
8585664
8586728
8587245
8587838
8588837
8589331
8589538
8589736
8589744
8590475
8590539
8590634
8592230
8592376
8592644
8594295
8594761
8595033
8597912
8599807
8601432
8601625
8601900
8602180
8602984
8603717
8605336
8608202
8608720
8610293
8613333
8613442
8613906
8614503
8614515
8614744
8615390
8617362
8617704
8617978
8618041
8618264
8619790
8619871
8620258
8621261
8621666
8622533
8622695
8622725
8624229
8626225
8626519
8628658
8629039
8631555
8631590
8634546
8635171
8635524
8636053
8637283
8638317
8639048
8639150
8639304
8639946
8640347
8642610
8643412
8647048
8651193
8653700
8654351
8654909
8656895
8657291
8657685
8657738
8659184
8659891
8660446
8661174
8661271
8661724
8662269
8662475
8662797
8663187
8664365
8664780
8665514
8667741
8668580
8668891
8669358
8669663
8670403
8671006
8673145
8674539
8676276
8676733
8676921
8677403
8678358
8678804
8680845
8682412
8682497
8683607
8685491
8685949
8686173
8686738
8687283
8688014
8688249
8689327
8690243
8690622
8691552
8692070
8694333
8696915
8698536
8698553
8699239
8699964
8702694
8703518
8705907
8706744
8707094
8707244
8707688
8708762
8710662
8712944
8713619
8715546
8717739
8718946
8719456
8720746
8724325
8726355
8727001
8727203
8727345
8727395
8728219
8729043
8729444
8729907
8734697
8735320
8735853
8736251
8738181
8738999
8740744
8742624
8743796
8743823
8744365
8744757
8745360
8745923
8746712
8748069
8748483
8749316
8750701
8751581
8751727
8752241
8752308
8752332
8752710
8755068
8755954
8757372
8757524
8757963
8758841
8758926
8759396
8759536
8760553
8760807
8761103
8761504
8762830
8762897
8763572
8764270
8768057
8770507
8771122
8772090
8772981
8773100
8776566
8778400
8778435
8778698
8779841
8780133
8780742
8782350
8782559
8786056
8786483
8786514
8787156
8787606
8788910
8789722
8790438
8790599
8791024
8791088
8793150
8793412
8794751
8795829
8796117
8797093
8798134
8800700
8801561
8802701
8803999
8804231
8804839
8805573
8806115
8806996
8807346
8807895
8808180
8810672
8811518
8811961
8813195
8814325
8815839
8819866
8820781
8821341
8821344
8822582
8825309
8825438
8827309
8828482
8828502
8829553
8830013
8830138
8831676
8831834
8833109
8833174
8833312
8834322
8836422
8836504
8837430
8838055
8838320
8838395
8839013
8839077
8839238
8841772
8841972
8842792
8843128
8843642
8845284
8845889
8846991
8847695
8847733
8848752
8849721
8849804
8852958
8853900
8854804
8855591
8856096
8856862
8857170
8857474
8857588
8857932
8858944
8859001
8859093
8859113
8859620
8861050
8862041
8862067
8862146
8862230
8863879
8864147
8864278
8867171
8867885
8868095
8868863
8870464
8870633
8871188
8873196
8873461
8873543
8874034
8875926
8876840
8877624
8877821
8878961
8881070
8882890
8884426
8884494
8887640
8887973
8889211
8889613
8889877
8890083
8890570
8891753
8894388
8894907
8896720
8896824
8898015
8900515
8900980
8901296
8901956
8902054
8902683
8903639
8904177
8904492
8904659
8904851
8905224
8905419
8905853
8906229
8907070
8908384
8908572
8908656
8909734
8910188
8910514
8913588
8913644
8914562
8915945
8916643
8916794
8918676
8920030
8921581
8924390
8926679
8926803
8928453
8930138
8930480
8930834
8931183
8933029
8933516
8933522
8934102
8936290
8937205
8938889
8939420
8940406
8942045
8942676
8943119
8943449
8945207
8945580
8946252
8946402
8946593
8946908
8947366
8947493
8947718
8948862
8948946
8950139
8950482
8950880
8951569
8952073
8953335
8953649
8955045
8956076
8960656
8961886
8962774
8963296
8963648
8964638
8964639
8967878
8968255
8968402
8969603
8969991
8970082
8971936
8972756
8973029
8974730
8975756
8976147
8977050
8977435
8977694
8979066
8979689
8980519
8982651
8982805
8984677
8986189
8987880
8988298
8990043
8991519
8991584
8993048
8993264
8993265
8993399
8993605
8995536
8995815
8996492
8996966
8998760
8999785
9000351
9000981
9001119
9002102
9003438
9003582
9004756
9006137
9007847
9009498
9009971
9010241
9010337
9014518
9014533
9014739
9014924
9016929
9017270
9019691
9021165
9021669
9022637
9023771
9024500
9024686
9025268
9026392
9026917
9027161
9027270
9028483
9030145
9032703
9033077
9033473
9033526
9033697
9033823
9034385
9034630
9036125
9040426
9043426
9043505
9043833
9044050
9045389
9047327
9049566
9053247
9053698
9054140
9056284
9057117
9058034
9058824
9059397
9059583
9060989
9061250
9065178
9066018
9066228
9066515
9067740
9067748
9067874
9068502
9068627
9070788
9070926
9071785
9072115
9072777
9074173
9074741
9074742
9075280
9075464
9075969
9076105
9077090
9077102
9077475
9077709
9079035
9079077
9080634
9081725
9083214
9083969
9084501
9086324
9086583
9087089
9087682
9089247
9090190
9090355
9091597
9091605
9091881
9092448
9092467
9093994
9095527
9095855
9096450
9096524
9096619
9098030
9098289
9099308
9099891
9101025
9102480
9103281
9104473
9104808
9105815
9107094
9107530
9107851
9107985
9108070
9110122
9110154
9111039
9111638
9112667
9113535
9114162
9115130
9119166
9119870
9120055
9120168
9121706
9124416
9125874
9126948
9127130
9129044
9129340
9130087
9130278
9130507
9133329
9133569
9134173
9134219
9134802
9134862
9136137
9136645
9136786
9137016
9138319
9139265
9140889
9141649
9141935
9142659
9143660
9144785
9144959
9145809
9146017
9146795
9147187
9147499
9147597
9148195
9149290
9151328
9152485
9152793
9152908
9154010
9154697
9156411
9158001
9158069
9158599
9158794
9160399
9161056
9161975
9162304
9162599
9163393
9164348
9165238
9168952
9169392
9170890
9171792
9173682
9174225
9174522
9174525
9175978
9176596
9177035
9177198
9177606
9179864
9179957
9180966
9182526
9186480
9186499
9186649
9187510
9188050
9188225
9188505
9190535
9192172
9192546
9194444
9195125
9198734
9199366
9199533
9201752
9202201
9202274
9202439
9202901
9204157
9204295
9204501
9204514
9205046
9205398
9205703
9205730
9206061
9206783
9209314
9209462
9210167
9210401
9210544
9212860
9215802
9216593
9217612
9218341
9218444
9219496
9219611
9220150
9221282
9222090
9223050
9223247
9224330
9224582
9226534
9226585
9229410
9229633
9229726
9230159
9230847
9233429
9233652
9233967
9234793
9235876
9237083
9237100
9237411
9238911
9239418
9240010
9241552
9242831
9244677
9244813
9245908
9247224
9247416
9248122
9248283
9248341
9249603
9249757
9250123
9253703
9254783
9255781
9259033
9260453
9260677
9261794
9262424
9263519
9264822
9265528
9265654
9269493
9270574
9271232
9271418
9272307
9275504
9276066
9276593
9277760
9278493
9280015
9280047
9280919
9282291
9283543
9284819
9285213
9286691
9287045
9287918
9288408
9289500
9289904
9290566
9291586
9292340
9292817
9293851
9294730
9295682
9296477
9296536
9296622
9296857
9297399
9298124
9299310
9299391
9300457
9302614
9302654
9303728
9304523
9304586
9306327
9306573
9306599
9306912
9306990
9307495
9307839
9308232
9311693
9312752
9312860
9315394
9315762
9316688
9316794
9317480
9318252
9321974
9322315
9324769
9326526
9328958
9330631
9331111
9331660
9332542
9333720
9333785
9334924
9335153
9335237
9335660
9336062
9336222
9338414
9338472
9341008
9342550
9343149
9343364
9343784
9344266
9346514
9346733
9347205
9347518
9348297
9348413
9350062
9351058
9352191
9352207
9352883
9354279
9355759
9358821
9359144
9359331
9360437
9360712
9360941
9361454
9362138
9363498
9365394
9365699
9367888
9368078
9368090
9368973
9370055
9370431
9371304
9372344
9373954
9376391
9377155
9378224
9378271
9379446
9380312
9380642
9381080
9381336
9381739
9382691
9384622
9384692
9385432
9389259
9389665
9389976
9390071
9390620
9391557
9392525
9393480
9393530
9393914
9394667
9395017
9396048
9396154
9398373
9398415
9398973
9399093
9399100
9399211
9400544
9400663
9400995
9401109
9401386
9404489
9404554
9406685
9407394
9407645
9410618
9411127
9411442
9411700
9411940
9412851
9412971
9413649
9415235
9416944
9417411
9419467
9420461
9420982
9422014
9424266
9424679
9425479
9427035
9428111
9429077
9429926
9431203
9432680
9432717
9432844
9433860
9433869
9435717
9435954
9436135
9436261
9436428
9436643
9436668
9436880
9436930
9438636
9439047
9440016
9441260
9443920
9443999
9444037
9444492
9444570
9445067
9445638
9446684
9447041
9449106
9449672
9450046
9450379
9451827
9452866
9453371
9455279
9456226
9456243
9458107
9458540
9460411
9460819
9461239
9461421
9462385
9462388
9463073
9463102
9463289
9463608
9464304
9465653
9466059
9466073
9466549
9466974
9468113
9468858
9469010
9470338
9470551
9472444
9475501
9477536
9478492
9478561
9479942
9480334
9481377
9481639
9481690
9482382
9483902
9485566
9485821
9488075
9491114
9494762
9496248
9497430
9498242
9498866
9499905
9499945
9500786
9500859
9505414
9505824
9506052
9506479
9507191
9508227
9511346
9512341
9514362
9514894
9515411
9515634
9518025
9518196
9519194
9519318
9520499
9522155
9524694
9525009
9525107
9526173
9526229
9527554
9527655
9528343
9528463
9528832
9529204
9530028
9530067
9530309
9533373
9534311
9536769
9538177
9540358
9543179
9543583
9546821
9546909
9547216
9547623
9548519
9551233
9552931
9556293
9556989
9557848
9558066
9558498
9559265
9559740
9560440
9561008
9562159
9563820
9564200
9566318
9568179
9568209
9568315
9569297
9569426
9570851
9572632
9573393
9574134
9579555
9579694
9580162
9582331
9582447
9582563
9583055
9583972
9584095
9586690
9586973
9587780
9588105
9588432
9591470
9591732
9591912
9592329
9592606
9593797
9595573
9595584
9596056
9596077
9596622
9598093
9598491
9599615
9602366
9603563
9603767
9603785
9604035
9606879
9607998
9608960
9609433
9609962
9611033
9611615
9613242
9619549
9620456
9621569
9622052
9623711
9623771
9624339
9625209
9626453
9626491
9626493
9626932
9627292
9628020
9628654
9628792
9629786
9630634
9632076
9633583
9634502
9635117
9635609
9638243
9638817
9639299
9640140
9640890
9642965
9643087
9643223
9645213
9645877
9647087
9650238
9653319
9653353
9653581
9655539
9655922
9656200
9656509
9657016
9660418
9664417
9666262
9667493
9667512
9667686
9668075
9668079
9670387
9671882
9673308
9673357
9673433
9675271
9675628
9677689
9678795
9679003
9679164
9679767
9679799
9680236
9681340
9681673
9681769
9682269
9683792
9684287
9684407
9687059
9688211
9688484
9688593
9688595
9689464
9690043
9691632
9694843
9696097
9696306
9697095
9697111
9697172
9697939
9698067
9699345
9700890
9701510
9702619
9702764
9703484
9705204
9705760
9706116
9706615
9708995
9711131
9712345
9713020
9713072
9713210
9713429
9713718
9714130
9716852
9717280
9719146
9720234
9721530
9722314
9722891
9723043
9723752
9725331
9725380
9725572
9725994
9728146
9728264
9728298
9729715
9733966
9734188
9734333
9736598
9737337
9737713
9737949
9738538
9739854
9739943
9742144
9742272
9743155
9743866
9745061
9745219
9746787
9747076
9750258
9751669
9752939
9753516
9754677
9755591
9755758
9758151
9758367
9759225
9759613
9759921
9762386
9763243
9763731
9765207
9765563
9765877
9765923
9766455
9766878
9767715
9767900
9767966
9770985
9771745
9772623
9773058
9776650
9777445
9778221
9778516
9780516
9781688
9781963
9782600
9782759
9785150
9786930
9788040
9788221
9788419
9788692
9788937
9789815
9789894
9790267
9791437
9791726
9792014
9793057
9793312
9793447
9793448
9794045
9796139
9796991
9797187
9799855
9799915
9801845
9802809
9803637
9804046
9804858
9805050
9805064
9805126
9805705
9806204
9806983
9807517
9808763
9812430
9812906
9813951
9814513
9814664
9815369
9816020
9818203
9818438
9821438
9822463
9822784
9824183
9824194
9825215
9825817
9826738
9827773
9827953
9829453
9830973
9832499
9834990
9835138
9836767
9838309
9840680
9840707
9842620
9843212
9843642
9844338
9845700
9847038
9848666
9849278
9849952
9851297
9851378
9851461
9851707
9851950
9852004
9852766
9853066
9853526
9853636
9854845
9855281
9855375
9856634
9857170
9858170
9858349
9858946
9860095
9860832
9860911
9861289
9861777
9863633
9863953
9864160
9864388
9865930
9868382
9869879
9869995
9870935
9871275
9871536
9872831
9873523
9874176
9874210
9874229
9875051
9875054
9875096
9875127
9876242
9876944
9878488
9879003
9879086
9879997
9881574
9881982
9884466
9884694
9886176
9886756
9886809
9887888
9888193
9888305
9890551
9891199
9891558
9891810
9892225
9892269
9893496
9894478
9895626
9896140
9897878
9898317
9898639
9899043
9900981
9902380
9903575
9905187
9908305
9908613
9909139
9909361
9909857
9912423
9912604
9912773
9914035
9915068
9916479
9917275
9917790
9919562
9921016
9921844
9922080
9922875
9923010
9923237
9923490
9924169
9924522
9924797
9926779
9927663
9928245
9928352
9928929
9929141
9929223
9930131
9932200
9934676
9934912
9935402
9937107
9939281
9939728
9940099
9940696
9940960
9941759
9941866
9942167
9944756
9945695
9945725
9946495
9947017
9947566
9948436
9948468
9950306
9951223
9951816
9952271
9953246
9953563
9953617
9954810
9955340
9956477
9956489
9956981
9958079
9959594
9960469
9961358
9961914
9961928
9961980
9962493
9962716
9966358
9967110
9967369
9968238
9970421
9971155
9971393
9972130
9972480
9972837
9973528
9973685
9974522
9974661
9974952
9975115
9976193
9976972
9977891
9978237
9979059
9979123
9979798
9980508
9980560
9986122
9986692
9987846
9988825
9990860
9991540
9992457
9992527
9994409
9994843
9995117
9995398
9995764
9995851
9996029
9997527
9998354
9998549
9999837
9999947
