1000549
1001054
1005262
1005496
1011580
1014480
1015791
1016014
1016581
1016692
1017626
1017693
1017782
1021452
1023347
1024315
1025362
1025586
1026761
1026771
1028055
1030155
1030587
1031387
1032630
1033074
1033741
1033917
1035417
1037764
1039218
1040241
1042592
1042610
1042725
1043431
1043587
1046863
1049404
1051818
1051828
1051924
1053210
1053907
1054261
1054572
1054668
1055173
1055471
1056095
1056274
1056297
1058130
1060626
1061341
1062277
1063023
1064594
1064742
1065761
1067344
1068133
1068361
1069005
1069165
1069528
1069695
1070428
1070434
1070439
1070518
1071683
1073068
1073311
1074500
1074585
1075230
1077054
1077111
1077716
1078317
1078766
1080268
1080931
1082010
1084511
1085335
1085736
1086615
1086846
1089040
1089299
1089409
1091060
1094083
1094486
1096130
1097452
1097793
1097857
1097864
1102361
1103688
1104410
1106861
1106977
1108321
1109295
1109829
1111641
1112024
1112432
1112464
1113828
1114353
1114439
1115368
1115380
1116812
1118222
1118928
1119209
1119211
1119959
1120971
1123409
1123888
1124637
1125357
1125632
1125999
1126714
1127481
1127509
1128212
1128756
1130307
1130321
1130955
1132722
1132770
1133056
1133707
1133882
1134646
1134857
1135301
1136456
1142087
1142288
1143638
1144439
1144732
1145318
1147966
1148042
1149498
1150000
1152217
1152244
1152249
1152721
1152973
1154256
1154994
1155040
1155757
1155836
1156825
1157224
1160536
1160894
1163097
1163649
1163908
1164138
1166751
1168330
1169233
1169423
1169481
1169673
1169766
1169778
1170036
1171918
1172952
1173882
1174903
1175273
1176535
1176832
1178638
1179098
1179939
1180376
1180720
1180912
1182088
1183228
1183238
1183820
1184126
1184762
1187597
1188380
1188925
1189298
1192012
1192443
1193159
1193299
1194651
1197130
1197594
1200175
1200199
1200781
1201000
1201555
1203536
1203897
1204928
1206928
1206966
1207813
1210070
1210104
1212009
1212304
1213508
1215097
1215938
1216264
1217223
1218867
1220865
1222555
1223058
1224795
1225125
1225403
1225496
1225737
1227825
1230137
1230881
1232614
1232659
1233481
1234447
1235076
1235454
1235782
1236007
1236504
1236652
1236863
1237011
1237139
1238386
1238615
1241268
1241506
1241876
1242033
1242458
1243495
1243542
1245571
1246416
1246526
1247711
1249795
1250025
1251761
1251945
1252152
1253538
1254578
1254921
1257085
1257257
1261469
1262158
1263005
1263691
1263794
1264747
1265009
1265221
1265660
1266803
1267622
1268109
1268473
1270679
1270726
1274091
1274767
1276410
1278055
1279226
1282499
1282830
1283157
1286558
1286641
1287018
1287063
1287400
1287420
1287506
1288026
1288258
1289375
1289631
1289909
1290074
1290589
1291392
1292957
1294611
1296327
1296355
1297304
1297837
1299430
1302779
1303272
1303983
1304488
1304904
1305187
1305672
1306571
1306606
1306622
1306940
1307083
1307208
1308263
1308742
1308877
1309345
1309393
1310898
1311292
1311337
1311525
1311637
1313368
1318835
1319163
1320389
1322881
1323188
1325370
1325680
1326925
1327428
1327737
1328945
1329126
1329151
1329657
1330606
1331438
1331752
1332773
1333369
1334105
1334955
1335780
1336098
1337330
1338513
1338839
1340646
1342140
1342411
1343866
1344545
1345620
1346962
1347280
1347413
1350804
1351628
1352667
1353972
1355146
1355433
1355674
1355860
1356008
1356414
1356786
1358670
1358679
1359716
1359822
1360540
1361335
1361591
1362500
1363690
1364570
1365128
1365418
1365571
1367280
1367534
1368119
1368210
1368857
1370326
1370698
1371191
1371200
1371571
1377143
1377291
1377470
1379613
1379873
1380248
1381292
1381696
1383104
1383136
1383563
1384767
1384932
1384955
1385890
1386118
1387038
1387702
1389262
1389832
1390994
1391032
1391157
1391251
1391764
1392489
1392601
1393105
1394512
1394658
1394819
1396237
1396294
1396859
1400585
1401921
1402009
1404529
1404760
1407352
1408828
1409110
1412084
1412599
1412960
1415216
1415516
1415576
1415713
1416990
1418804
1422299
1425174
1426372
1426424
1426959
1427792
1428179
1429643
1431449
1431498
1432476
1432985
1433049
1433317
1433964
1435087
1435342
1435711
1435978
1436330
1436982
1438235
1439239
1439475
1439997
1440741
1440880
1441448
1442264
1442372
1446225
1447994
1448335
1448432
1448480
1449257
1450208
1454483
1454496
1455057
1455459
1456093
1459466
1460499
1460846
1460963
1462449
1462864
1463643
1463809
1463887
1464058
1464156
1465140
1465925
1466006
1466025
1466428
1467003
1467152
1467364
1467375
1468662
1470938
1474108
1475217
1475472
1475580
1477937
1479267
1481663
1484402
1484960
1485568
1490277
1490612
1490719
1490897
1490900
1491036
1492048
1495591
1497985
1498867
1499700
1500672
1501325
1501377
1502461
1503367
1503588
1503592
1503838
1504403
1504954
1508040
1508350
1510745
1511561
1512034
1512376
1512570
1513805
1514055
1514436
1515464
1516407
1516607
1517957
1518659
1519387
1519728
1521112
1521590
1522393
1522802
1524003
1524057
1524566
1525097
1526092
1528035
1528342
1528463
1528554
1529662
1530347
1530659
1530876
1530993
1532118
1532276
1532389
1532989
1533055
1533267
1533468
1534445
1536535
1537645
1538114
1543100
1543428
1544598
1545015
1545725
1547017
1548931
1549316
1549320
1550053
1550161
1550602
1551446
1551636
1552512
1552787
1553156
1553259
1554565
1554763
1555577
1556051
1556949
1557773
1558065
1559349
1561322
1561463
1562587
1562795
1564286
1565264
1565388
1565398
1566047
1567443
1568586
1569870
1570427
1572128
1572479
1575240
1575246
1575611
1576887
1578039
1579494
1580136
1582210
1582384
1582557
1583030
1584114
1584992
1587101
1590098
1590560
1590711
1591420
1591524
1592164
1592636
1593039
1593644
1593833
1597109
1597226
1597270
1597298
1597465
1597781
1599563
1599891
1603280
1604144
1604253
1604446
1604831
1604913
1605634
1606129
1606159
1609054
1609087
1609745
1609991
1610354
1610831
1612391
1613197
1619371
1620848
1622031
1622248
1622323
1622949
1623187
1623572
1623574
1623905
1623918
1625276
1629383
1630240
1631287
1632185
1632274
1632673
1632712
1634016
1634068
1636758
1637065
1637941
1638167
1638430
1638496
1638921
1639051
1640431
1640890
1641468
1641551
1645361
1645740
1647489
1649371
1649507
1649612
1649850
1650340
1650741
1651105
1651223
1652180
1652525
1653935
1655272
1656383
1658833
1661303
1663151
1663662
1664156
1666087
1667029
1667629
1668287
1668410
1668456
1670484
1673838
1673917
1675799
1676387
1677338
1678176
1678977
1680167
1681366
1681842
1682478
1683121
1683450
1685841
1686080
1686631
1687060
1687964
1688406
1688736
1689164
1690980
1691689
1692656
1693500
1694092
1694617
1695786
1697220
1698291
1700322
1700889
1701089
1701265
1703541
1704697
1705091
1706457
1707178
1707725
1708247
1708828
1709023
1709294
1710023
1710327
1711021
1711186
1711891
1712195
1712313
1712538
1713585
1714061
1715912
1716946
1716958
1716997
1717971
1720586
1720744
1721273
1722538
1723789
1724587
1724784
1726259
1727414
1729058
1732284
1733134
1733607
1733831
1737123
1737839
1737870
1738861
1738869
1739669
1743199
1743652
1745184
1745308
1745443
1745891
1746268
1746414
1746764
1747880
1748046
1748944
1749331
1749677
1749796
1750118
1750218
1750495
1750747
1750821
1750828
1750880
1751107
1751633
1753578
1756433
1757138
1757732
1757930
1758120
1758180
1759927
1759931
1759972
1759985
1763695
1765014
1766272
1768182
1768358
1768776
1769451
1770027
1770740
1773355
1773359
1773520
1773831
1774257
1776474
1777213
1777315
1777513
1777664
1777840
1780384
1781023
1781565
1782892
1784289
1784747
1785014
1785321
1789721
1790277
1791011
1795080
1795100
1795897
1797177
1798633
1799492
1799530
1800163
1801088
1802576
1802587
1802938
1804747
1805506
1805552
1805729
1807306
1807318
1808646
1809053
1809061
1810080
1810650
1810789
1811428
1811601
1813971
1814151
1815816
1816581
1819102
1819164
1820548
1821768
1823090
1824101
1825473
1825631
1825644
1826086
1826255
1827716
1828925
1829417
1830415
1830664
1832379
1832472
1832618
1833153
1833155
1834259
1835534
1837622
1837847
1837957
1838078
1841554
1841906
1842385
1842665
1843292
1846727
1847364
1847858
1850513
1851109
1851888
1852221
1852268
1854052
1854812
1857330
1857431
1858372
1858623
1862625
1862718
1864429
1865740
1866791
1867430
1868008
1873015
1873557
1874172
1875135
1876489
1877186
1878792
1879549
1881904
1883017
1883551
1884676
1885771
1886083
1886112
1887937
1888679
1888688
1889730
1890221
1890822
1891390
1891391
1891817
1892388
1893858
1894436
1896987
1897994
1899680
1900439
1900591
1901820
1902367
1902699
1903601
1904831
1904957
1907046
1910960
1913381
1913645
1913777
1914250
1914271
1914433
1915299
1916712
1920033
1921009
1922175
1922400
1922626
1922645
1923354
1923693
1923754
1925211
1927728
1927758
1927899
1928958
1929555
1931241
1933143
1933158
1934438
1939122
1939268
1940941
1941551
1943237
1945513
1946093
1946178
1947351
1948035
1949385
1950176
1951060
1951454
1951565
1954054
1954437
1954810
1955059
1955857
1956277
1956339
1956626
1959151
1959999
1961968
1962369
1962621
1964170
1964247
1967499
1967990
1968992
1969320
1970594
1971181
1971837
1972475
1974236
1975212
1977560
1978820
1979009
1979359
1981099
1981560
1982453
1983197
1983870
1984459
1985147
1986927
1987026
1987050
1987110
1987207
1990615
1990705
1993056
1993063
1993571
1994194
1994505
1994544
1994722
1997998
1998068
1998995
1999274
1999662
2000231
2001182
2004337
2004549
2008713
2009852
2011659
2012310
2015136
2015145
2016404
2018312
2019162
2019536
2020035
2021004
2021198
2021595
2022810
2023040
2023102
2023622
2023658
2023975
2025729
2027432
2027797
2029150
2029845
2030261
2031133
2031362
2032200
2033222
2034655
2035773
2036281
2036553
2037981
2038096
2038440
2038650
2040710
2041130
2041543
2042595
2043623
2045060
2045483
2045698
2046525
2046865
2046995
2048258
2048381
2048443
2048868
2049576
2049998
2050037
2050382
2051192
2051489
2051496
2058966
2059522
2060144
2062060
2063942
2066459
2066519
2066688
2070021
2070899
2071029
2072160
2073060
2073273
2073419
2075913
2076178
2077962
2079004
2080965
2081069
2081570
2082549
2082897
2085162
2085558
2086385
2086523
2087638
2087955
2088138
2088858
2090657
2091992
2093318
2093653
2094852
2096203
2096621
2097285
2099555
2101844
2102446
2103464
2107591
2107808
2108517
2108629
2109390
2109845
2110004
2110033
2110505
2110509
2110567
2111459
2112455
2113022
2113545
2115826
2116704
2118622
2119110
2119608
2119755
2120421
2120699
2123902
2126705
2126941
2128203
2129084
2129310
2130779
2135317
2136266
2138416
2140000
2140006
2140256
2143795
2144244
2146795
2148114
2148988
2150457
2150509
2151766
2151971
2154554
2154709
2156028
2156130
2156926
2157818
2159525
2161159
2161334
2161481
2162207
2164567
2165616
2166561
2166565
2167855
2169583
2170012
2171265
2172277
2173305
2173742
2173759
2174630
2175681
2175748
2177187
2178489
2178754
2180995
2181165
2181530
2185564
2185889
2187013
2188738
2190259
2190555
2190594
2190990
2191105
2192563
2194100
2194170
2194447
2195644
2196418
2197396
2197499
2198350
2198366
2199462
2199994
2202555
2204396
2205040
2205145
2205290
2205632
2205820
2205902
2206049
2208714
2208824
2210169
2211466
2211612
2213571
2214656
2214766
2214935
2216916
2217827
2218095
2219575
2219850
2221657
2222268
2222842
2223661
2228622
2232363
2233600
2233640
2233907
2236036
2236771
2236912
2237310
2238118
2238171
2238455
2239121
2239301
2239927
2241568
2241744
2244484
2246275
2248124
2248352
2248959
2250379
2252590
2253236
2253410
2253617
2254484
2255472
2255812
2256406
2257216
2258791
2259012
2260336
2261371
2261459
2263547
2265399
2267342
2268196
2268487
2269660
2269718
2269720
2270528
2271622
2272363
2274385
2275804
2276071
2277519
2278141
2279871
2280167
2280864
2280904
2285375
2286511
2287105
2287295
2288182
2288424
2290341
2293324
2294165
2294425
2294434
2295277
2295916
2296132
2296966
2297836
2297923
2298188
2300258
2301051
2301485
2301505
2301589
2301590
2301607
2305804
2305933
2306451
2306484
2306807
2307347
2308493
2310190
2310229
2310266
2316413
2316535
2316556
2319185
2319460
2320935
2321427
2322506
2327552
2327965
2329262
2329582
2329701
2329896
2331313
2331357
2331491
2333099
2334466
2335213
2336395
2336823
2337536
2337579
2337682
2337692
2338748
2340113
2340714
2340756
2341190
2341946
2343676
2345453
2346214
2346305
2346486
2346520
2346997
2347478
2347734
2348723
2348942
2349165
2349682
2350416
2350423
2351331
2351388
2351622
2353113
2354307
2355403
2356190
2356449
2356495
2356538
2358807
2359028
2363699
2364472
2364712
2366579
2368303
2368502
2368619
2371826
2371925
2372610
2375804
2375823
2376731
2377179
2377733
2377829
2378088
2378230
2379266
2379507
2379577
2380021
2380151
2381513
2382089
2382561
2382818
2383491
2383587
2385531
2386419
2387275
2387420
2388979
2392158
2396158
2398387
2398410
2400076
2402956
2403784
2404160
2404194
2406343
2406725
2406751
2407305
2407382
2407444
2409011
2409749
2410142
2410492
2410631
2410812
2410897
2411226
2412570
2413198
2413269
2414622
2417588
2417951
2419668
2420025
2420332
2420532
2421055
2421157
2421260
2421422
2422427
2422437
2422462
2422904
2423236
2423935
2424165
2424697
2425094
2425299
2426236
2426258
2427407
2428319
2428884
2428995
2429592
2430594
2430634
2431185
2433512
2434203
2434343
2434962
2435068
2435828
2437018
2443303
2444915
2446387
2447780
2450846
2452567
2452771
2452791
2453240
2456063
2457046
2457302
2458731
2460727
2460826
2460951
2460969
2461619
2462655
2462896
2463199
2464162
2464652
2464920
2466358
2466436
2467939
2469403
2469997
2471196
2471477
2471906
2472302
2472844
2474563
2475925
2476059
2476389
2476410
2477004
2477846
2479070
2479836
2479904
2480482
2480990
2481549
2482105
2482553
2482609
2482834
2483879
2484234
2487678
2490036
2490379
2490526
2492193
2492871
2493343
2493696
2496039
2496677
2497436
2498795
2500196
2504000
2504276
2504379
2505974
2508314
2509410
2510379
2510459
2511462
2512926
2516410
2518237
2518435
2518825
2519114
2519560
2521454
2525657
2527001
2528366
2528547
2529015
2529394
2531151
2532936
2533856
2534006
2534146
2534184
2534212
2534544
2538170
2538203
2540451
2540830
2542268
2543749
2543891
2544428
2544957
2545281
2546969
2547293
2547731
2549023
2550303
2550933
2556729
2559045
2560225
2561203
2561352
2561610
2562409
2562936
2563128
2563674
2564338
2566983
2567192
2568366
2568521
2572498
2572959
2573082
2573992
2574193
2575198
2578315
2578677
2578934
2579516
2579696
2580317
2581826
2581918
2582617
2582673
2583923
2584340
2585637
2587146
2587160
2587823
2587992
2589591
2590240
2592087
2593573
2595221
2596100
2598264
2598507
2598685
2599474
2600883
2601382
2601936
2602152
2602778
2603834
2605601
2608331
2608683
2610035
2612579
2613196
2613288
2614212
2615348
2615387
2616359
2616821
2617013
2618089
2618543
2618744
2619863
2620258
2621077
2621200
2621739
2623338
2623613
2624068
2624114
2624955
2625468
2625719
2626331
2627523
2628072
2628442
2629065
2629636
2630748
2630987
2631779
2631822
2632064
2632444
2633192
2633940
2636275
2636325
2637276
2638766
2641364
2642586
2642631
2644641
2645950
2646301
2646481
2646543
2650067
2650573
2650664
2650701
2652830
2653352
2653523
2653792
2654456
2654953
2655616
2657358
2658849
2659017
2660017
2661863
2664055
2664163
2664416
2665816
2667485
2668857
2669253
2669589
2671748
2673157
2673731
2675662
2675714
2676440
2676557
2677106
2678076
2679193
2679251
2680262
2680284
2680737
2681376
2683614
2683654
2684559
2685723
2686003
2686402
2687495
2688097
2690023
2690566
2690899
2691336
2691594
2692524
2694327
2694452
2694589
2698357
2698472
2698611
2699067
2699127
2699343
2699870
2700264
2700323
2701737
2702529
2702845
2703206
2703653
2703834
2704881
2704934
2706551
2707466
2708708
2708811
2709855
2709855
2711130
2712597
2712693
2714405
2714701
2716615
2717698
2717988
2719009
2720082
2720922
2721518
2722995
2724678
2725527
2725816
2727208
2727419
2728050
2729335
2729481
2730238
2733255
2734899
2735157
2737702
2738254
2739631
2743026
2743927
2745445
2745584
2745814
2746042
2746559
2747043
2748555
2748591
2748778
2748951
2750117
2750919
2754426
2754466
2755845
2756164
2756351
2757430
2757786
2757795
2758136
2760265
2760323
2760678
2761138
2763258
2763752
2765240
2766841
2766911
2768788
2769964
2771522
2771548
2773243
2773296
2775125
2775156
2775532
2776197
2776241
2776707
2777738
2778920
2779888
2780369
2781527
2781800
2782205
2784622
2785380
2788224
2788527
2788737
2790927
2791428
2792649
2793463
2794590
2796100
2797010
2797800
2798885
2799181
2799942
2801595
2802738
2803013
2804165
2804264
2805028
2805749
2806290
2806573
2807001
2807164
2807372
2808101
2808862
2809996
2811865
2812018
2812389
2812443
2813220
2816442
2816613
2817651
2818016
2818189
2818284
2819879
2823265
2824465
2824474
2825117
2825191
2825713
2830056
2830700
2831478
2832450
2832535
2833156
2833430
2834669
2834703
2835208
2835376
2836040
2836463
2837695
2838619
2838691
2838847
2839856
2842809
2843530
2844390
2845494
2846000
2846040
2846391
2846772
2846929
2847690
2848025
2848201
2848245
2849827
2849913
2850997
2851553
2852167
2853224
2854504
2855359
2856601
2857094
2857463
2858349
2860063
2860419
2861334
2864231
2866760
2868096
2868310
2868451
2870016
2870402
2871907
2872144
2875062
2875075
2876255
2878019
2878154
2878192
2878436
2879425
2880220
2881576
2882652
2884080
2884132
2884137
2885617
2885714
2886554
2887477
2888112
2890984
2892776
2893049
2894945
2895037
2895321
2895660
2896185
2898111
2898949
2899700
2900372
2902494
2902538
2902793
2902840
2903686
2905598
2906110
2907804
2908653
2909757
2909920
2911105
2911556
2911958
2913504
2913566
2913747
2917773
2918080
2918523
2919377
2921302
2922480
2922651
2923094
2924514
2925011
2926005
2928331
2929788
2930631
2930822
2931040
2932760
2934473
2937267
2938837
2938908
2939357
2942819
2943385
2943565
2943658
2944769
2948476
2950566
2951893
2951936
2951940
2953502
2953632
2953955
2954636
2955982
2956199
2956997
2958994
2959281
2959312
2959335
2962665
2963691
2966577
2966660
2966821
2966970
2969522
2969878
2970234
2970978
2972852
2973105
2974410
2976512
2977655
2978426
2982297
2982703
2982804
2983114
2983247
2983688
2984332
2984567
2985374
2985425
2986342
2986931
2987970
2990020
2992316
2992674
2994079
2994107
2994642
2994957
2995715
2996560
2996594
2997080
2997755
3002035
3003302
3004797
3005016
3005420
3009023
3009382
3012254
3014710
3015355
3015783
3016451
3016604
3016805
3019483
3019807
3020268
3021779
3022177
3022250
3022958
3025844
3026560
3028301
3028652
3029441
3031088
3032371
3032794
3033161
3033438
3034003
3034798
3035891
3036222
3040595
3040673
3041831
3041868
3042027
3043154
3043366
3044499
3044943
3047712
3048276
3051024
3053771
3055517
3055667
3056545
3056868
3057156
3059289
3059305
3059728
3060241
3060954
3062112
3062398
3063484
3063931
3063976
3068853
3069229
3072925
3073942
3075179
3076511
3077113
3080342
3081271
3083900
3084704
3085273
3086801
3087266
3088705
3088986
3089374
3091392
3091680
3092400
3093483
3093842
3095145
3095433
3095443
3095812
3096873
3099727
3101029
3103628
3105023
3106203
3106365
3108525
3108928
3109553
3109904
3110972
3111388
3111655
3112425
3115351
3115510
3116471
3116799
3117184
3119186
3119327
3119759
3120163
3121979
3122339
3122681
3123566
3124369
3124546
3125385
3125485
3126606
3127580
3129619
3130553
3134238
3135352
3135600
3137776
3138008
3138325
3138942
3140091
3141694
3141946
3144074
3144100
3144383
3144892
3145262
3145876
3146043
3146499
3146562
3147980
3148613
3150056
3150365
3152208
3152456
3152789
3153073
3154878
3154991
3155092
3155858
3157023
3157893
3158071
3159826
3160398
3161143
3161840
3161995
3162080
3162895
3163340
3166277
3166853
3170955
3171060
3171112
3171144
3171378
3172047
3172423
3173369
3173437
3175495
3176280
3177033
3177581
3178815
3179153
3179594
3182256
3182817
3183182
3183430
3183879
3184068
3184322
3185744
3186843
3187962
3189107
3189245
3189463
3189480
3189617
3190271
3190403
3194042
3194197
3194472
3194742
3194757
3195541
3195686
3196292
3198405
3199944
3201281
3201350
3201463
3201763
3201884
3201963
3202062
3202548
3203557
3204262
3205125
3207235
3207750
3208763
3210279
3211633
3211890
3212171
3212871
3214150
3214547
3215081
3216596
3217536
3219624
3219699
3220541
3223127
3223565
3224285
3224653
3226201
3227170
3227395
3229439
3230933
3231692
3232135
3232634
3233438
3233443
3234056
3234577
3234839
3236266
3238304
3238990
3239267
3240076
3240195
3241152
3244829
3245424
3245888
3246223
3246253
3247803
3247885
3248507
3248948
3249859
3249861
3252322
3253245
3253448
3254990
3255082
3255975
3256385
3257030
3257164
3259554
3259858
3260026
3260615
3261836
3263508
3264464
3265402
3266857
3267968
3268878
3269436
3270016
3270271
3272150
3272502
3275673
3275904
3276714
3277395
3280138
3280466
3281039
3281200
3282488
3283471
3285085
3285917
3287887
3288585
3289089
3290268
3292127
3292472
3293473
3294559
3296093
3296158
3297154
3297157
3297772
3298625
3299984
3300221
3300950
3301942
3302197
3305017
3305116
3306060
3307151
3309583
3309937
3312118
3313913
3313972
3316076
3316536
3317836
3318174
3318572
3318933
3319177
3320585
3321220
3321465
3321873
3322268
3322367
3323099
3324029
3324883
3325704
3326006
3326453
3327210
3329142
3329277
3331250
3332432
3333035
3333972
3335692
3336206
3338734
3339076
3342304
3342481
3342730
3343430
3343518
3345202
3346752
3346895
3347481
3347551
3348943
3348986
3349029
3349460
3350102
3350364
3352726
3353222
3354230
3354327
3354700
3354709
3355567
3356380
3356970
3357822
3359531
3362089
3363378
3364067
3365450
3366475
3369151
3369401
3371967
3372313
3374797
3376498
3379543
3381932
3382854
3385627
3386700
3387510
3388162
3388342
3388958
3389194
3389681
3389699
3394708
3394714
3396047
3396233
3397801
3399540
3402863
3404401
3406340
3407746
3408038
3408421
3409887
3410966
3411545
3411894
3412078
3412445
3412543
3413038
3413280
3414131
3415919
3416575
3416776
3419124
3419236
3419432
3420029
3420485
3420633
3421152
3421968
3423349
3424551
3424765
3425027
3425778
3426100
3427313
3427401
3428658
3432798
3435571
3435578
3436350
3436604
3437108
3437686
3437856
3438134
3438203
3438829
3438940
3439532
3440700
3440816
3442463
3442592
3442783
3444904
3445034
3445290
3445734
3445890
3446727
3446904
3447334
3447486
3448859
3449815
3449912
3450902
3451654
3454319
3454833
3455514
3456919
3457186
3457310
3457833
3459276
3459419
3461345
3462096
3464517
3466898
3466935
3470612
3471768
3474633
3475619
3476272
3477294
3477624
3478149
3480358
3480569
3481727
3482584
3482705
3484706
3484717
3485103
3485923
3487837
3489461
3489649
3491426
3491500
3491883
3491901
3492008
3492676
3493240
3494922
3495331
3497978
3500523
3500771
3501246
3501340
3501495
3502880
3503865
3504286
3504549
3504730
3504814
3505078
3505560
3506671
3506894
3507832
3507957
3508082
3508736
3510034
3511577
3512399
3513778
3515762
3516131
3516598
3517576
3520320
3520467
3521980
3522602
3524285
3526427
3526550
3527267
3528558
3528795
3528899
3528955
3531153
3531349
3531422
3531918
3532122
3533379
3533608
3535839
3536049
3536771
3536896
3537198
3537685
3537740
3539467
3539988
3540141
3541660
3542509
3542933
3545140
3545275
3545964
3546025
3546557
3547900
3548248
3548314
3550585
3551372
3551609
3552004
3552883
3553119
3554777
3555445
3557272
3558918
3559460
3562164
3562556
3563083
3563605
3564406
3565300
3565849
3566221
3566576
3567236
3567447
3568034
3568490
3568596
3569561
3570091
3574331
3575321
3577306
3577667
3577855
3579826
3580671
3582253
3582823
3582895
3584989
3585065
3586633
3587484
3587696
3587938
3589765
3591257
3591692
3591836
3592650
3593817
3595895
3596232
3596239
3596404
3597528
3597926
3598400
3598768
3599049
3599127
3599336
3599438
3600581
3600939
3602279
3605060
3605072
3606117
3606817
3607478
3609025
3609699
3613212
3613315
3613627
3614071
3616563
3617672
3618170
3619308
3621018
3621384
3622343
3625330
3626117
3626306
3627119
3627388
3630434
3634874
3635371
3635393
3636188
3637023
3637202
3637249
3637934
3639408
3639585
3639598
3640043
3641573
3642983
3644034
3645828
3647580
3648311
3648650
3648754
3649334
3650410
3651165
3652071
3652199
3652243
3652974
3655184
3655788
3656924
3657769
3659635
3660179
3661163
3662454
3663814
3663990
3665721
3666750
3666910
3667375
3668203
3668229
3668414
3668583
3669337
3669684
3670279
3671626
3672032
3673022
3673053
3673507
3673952
3673993
3675142
3675814
3675993
3676065
3676090
3676285
3676705
3678779
3680311
3681534
3682507
3683057
3683255
3684076
3685087
3685450
3686187
3687546
3691081
3691089
3694620
3695987
3696809
3697296
3698413
3698639
3699478
3699590
3699699
3700529
3701006
3703017
3703698
3704342
3704354
3704359
3704812
3707108
3711607
3711976
3712714
3714188
3714942
3715092
3718024
3718241
3718451
3719000
3719452
3719479
3720807
3720821
3721746
3722437
3722469
3724084
3724547
3726366
3727466
3728856
3730619
3731840
3733079
3733539
3735663
3736419
3736553
3738123
3738161
3738501
3738619
3739085
3739678
3742767
3745081
3745327
3745348
3746187
3747075
3747462
3747680
3749246
3750243
3750706
3750887
3751250
3751333
3751788
3752246
3753391
3757130
3757428
3758265
3758514
3760504
3765205
3765421
3767183
3768424
3768473
3768633
3769566
3770034
3772482
3772931
3774939
3775934
3777171
3777840
3780079
3780895
3780933
3781057
3781410
3782586
3782933
3783877
3784691
3785036
3786728
3787321
3787588
3787752
3788704
3788762
3790017
3790961
3792345
3793793
3794447
3794719
3795904
3796561
3796858
3799584
3800101
3800449
3801152
3802264
3803724
3803811
3804262
3804290
3804648
3805721
3806423
3809412
3810632
3810786
3811547
3812789
3813319
3813348
3813985
3814272
3815084
3817748
3819061
3819590
3820362
3820706
3821655
3822143
3823584
3824806
3825083
3825112
3825325
3826776
3828524
3828978
3828993
3831915
3832649
3832680
3836073
3836321
3839401
3841185
3841674
3842939
3843940
3844932
3845310
3845566
3845822
3846017
3846389
3846492
3847030
3847190
3847271
3848146
3848278
3849799
3851079
3852011
3852063
3852900
3853122
3854564
3855130
3855287
3855417
3856749
3856934
3858139
3859470
3859592
3862122
3863258
3864573
3865874
3865938
3868100
3869888
3870315
3870897
3870948
3872132
3872417
3873790
3873930
3876336
3876930
3877006
3878177
3878689
3879415
3879905
3881634
3881726
3882683
3883240
3884394
3887913
3888318
3892914
3893068
3895343
3895386
3895612
3895693
3895752
3896147
3896924
3898506
3901119
3902482
3904259
3905712
3908528
3908613
3908646
3909025
3909070
3909931
3910438
3911751
3913657
3914771
3914910
3915423
3916331
3916766
3918378
3918604
3918841
3919047
3921713
3922087
3922608
3922758
3924696
3924741
3925146
3925462
3927261
3928151
3928944
3929871
3931205
3933567
3933661
3935345
3936702
3936757
3937125
3937846
3938431
3938713
3938732
3939069
3939612
3941645
3941789
3941921
3943314
3943361
3946329
3947899
3948216
3948646
3949908
3950002
3950808
3951922
3952012
3952856
3953654
3953846
3954277
3954791
3955379
3956495
3956664
3956832
3957256
3957601
3961084
3964973
3965099
3966508
3967908
3968206
3968211
3969362
3969472
3970093
3970559
3970663
3971718
3972228
3972375
3972422
3973911
3974148
3975358
3975778
3975788
3976425
3978448
3978614
3979003
3979153
3979630
3980834
3981003
3981418
3982348
3983418
3984382
3984876
3984992
3986784
3986978
3988176
3988324
3988450
3989259
3990076
3990557
3991155
3992938
3996548
3997223
3999030
3999887
4000665
4001165
4004046
4007311
4007657
4008276
4009324
4009566
4009581
4009815
4010763
4011755
4013427
4014001
4014218
4015112
4016211
4016270
4016861
4017472
4020210
4020238
4020311
4020699
4021076
4021926
4022884
4024287
4025889
4026006
4026116
4026332
4027472
4027693
4028470
4028756
4030541
4031775
4032335
4034082
4035217
4035240
4035288
4035660
4038267
4040121
4041414
4043442
4045042
4045552
4046424
4048216
4050911
4050939
4052456
4052567
4052622
4052776
4053408
4053873
4053885
4054383
4055155
4056120
4056782
4057648
4057683
4058165
4059549
4059633
4060652
4065047
4065227
4065747
4066368
4066373
4068546
4069078
4069636
4070520
4070925
4071165
4071826
4073843
4074719
4077459
4078458
4078508
4079178
4079423
4080673
4081649
4082896
4083084
4083195
4084244
4084961
4085732
4086300
4086828
4088093
4088241
4088921
4089009
4091148
4091903
4093059
4093439
4094032
4095222
4096430
4096582
4097247
4097672
4098460
4099939
4100177
4100606
4101038
4101723
4102620
4103357
4103856
4104254
4104546
4106289
4106481
4106897
4107463
4108332
4109764
4110372
4110921
4111254
4112782
4113035
4114155
4114447
4114566
4114874
4114991
4115342
4115804
4115974
4116717
4117712
4117819
4118541
4121577
4121696
4122324
4122495
4123184
4123860
4124625
4124671
4125238
4125718
4126740
4128079
4128737
4128828
4129902
4131426
4132092
4132334
4132901
4133079
4133649
4135402
4135404
4137417
4137610
4140545
4141799
4143647
4146047
4146690
4147539
4147662
4148910
4149613
4151574
4152433
4154409
4155115
4155381
4155720
4155802
4156883
4157462
4157856
4159253
4159375
4160271
4160991
4163288
4163383
4163940
4164499
4164855
4165952
4166194
4166417
4168627
4169182
4169270
4169777
4170446
4171432
4173363
4174728
4175239
4175488
4177277
4179030
4179401
4180987
4183046
4183795
4184048
4184222
4184319
4186672
4186740
4189395
4189837
4191438
4193077
4193552
4195229
4196259
4197259
4197624
4198005
4198947
4200189
4200922
4201994
4202650
4203558
4206022
4206257
4206543
4207399
4207812
4211588
4212118
4213263
4213420
4214621
4216907
4218696
4219446
4223195
4224998
4227237
4229000
4230113
4230155
4230480
4232740
4232993
4233189
4233362
4235684
4236502
4238859
4238945
4240428
4240682
4241369
4242045
4242164
4243074
4243331
4243466
4243954
4244783
4245875
4247295
4249932
4250249
4251211
4251349
4252280
4253102
4255538
4255787
4257146
4257176
4257291
4257483
4258074
4258277
4258785
4259886
4261002
4262987
4263972
4264114
4265705
4265857
4266169
4267443
4269064
4270099
4270236
4270658
4273298
4273526
4273646
4273779
4274266
4274809
4275935
4277199
4277382
4277635
4279012
4280303
4280953
4281539
4284672
4287288
4288536
4290557
4290893
4291262
4292300
4292640
4292644
4293378
4294062
4294482
4297362
4297611
4297625
4297821
4298250
4298997
4299447
4299631
4300032
4300038
4300560
4302452
4302492
4302892
4303802
4305761
4306344
4306371
4307349
4307557
4310879
4311308
4311658
4314383
4319498
4319689
4320047
4320099
4320426
4320708
4322427
4322869
4322937
4323946
4324431
4324640
4324840
4325584
4325678
4326530
4328307
4328857
4329660
4330381
4330538
4335041
4335284
4335631
4335830
4336437
4336666
4336932
4338854
4341006
4342638
4343752
4344096
4345470
4345719
4346665
4347571
4350699
4351700
4352485
4353015
4353098
4354647
4356210
4357594
4357849
4358016
4362157
4363581
4364048
4364867
4365003
4366398
4366658
4366873
4367180
4367289
4369623
4369970
4371323
4371450
4371484
4372394
4372869
4373811
4374549
4374582
4374697
4375302
4375891
4377837
4378913
4379558
4380502
4380807
4381086
4382416
4382539
4382809
4383832
4384094
4385520
4387784
4388138
4389625
4389788
4391796
4392221
4392937
4392995
4393200
4393669
4394621
4394844
4395755
4397696
4397722
4399919
4400213
4400696
4401525
4401773
4402017
4402490
4402732
4404821
4404973
4405035
4405666
4406574
4407206
4407671
4408557
4408618
4408985
4409552
4410943
4411237
4413584
4415193
4416750
4416870
4418490
4419716
4420098
4422277
4423518
4423908
4423978
4425768
4425891
4427588
4428792
4428954
4430441
4430645
4430884
4431239
4433914
4434396
4434828
4435881
4436129
4436578
4436822
4438058
4439129
4439249
4440029
4441817
4442320
4442371
4442482
4442900
4442902
4444582
4448050
4449239
4449518
4450236
4451550
4453293
4454082
4454094
4454346
4455004
4455734
4456252
4459983
4460604
4461395
4461809
4462509
4463182
4463863
4464245
4464256
4465154
4466079
4466092
4466412
4469298
4469406
4469828
4470311
4470454
4471032
4473345
4473944
4474267
4474797
4475258
4475347
4475365
4478014
4478474
4479822
4480747
4481085
4481094
4483996
4485398
4485578
4485598
4485754
4486116
4486629
4486897
4487992
4488767
4488867
4489115
4489194
4489431
4489987
4490337
4490407
4490859
4490863
4490963
4491408
4492088
4493910
4494606
4494915
4495834
4499355
4499902
4500221
4500790
4502261
4502391
4502451
4502467
4503946
4506348
4506858
4507272
4507357
4507495
4508044
4509243
4509267
4509308
4509910
4514107
4516846
4518339
4518700
4518997
4519493
4521398
4521751
4523360
4523735
4524072
4524445
4524498
4525223
4526350
4528601
4528682
4528760
4531127
4532818
4533299
4534193
4534592
4535405
4535729
4536424
4536792
4537803
4539128
4539287
4539494
4541506
4542524
4542635
4543504
4544662
4544896
4544977
4545503
4545758
4545822
4546023
4546194
4546801
4547611
4549866
4550153
4550911
4551589
4553086
4553159
4554683
4554989
4556287
4556597
4558072
4558229
4558721
4559404
4559947
4561431
4561476
4561553
4562104
4562186
4562747
4565114
4565655
4565814
4566360
4568184
4569801
4570446
4570606
4570813
4571780
4571948
4572193
4572887
4573352
4576273
4576656
4576713
4578168
4578683
4580321
4582262
4582669
4583401
4584832
4584864
4585174
4585519
4585574
4586087
4586292
4586883
4586961
4588199
4589048
4590064
4592407
4592868
4593822
4595759
4598181
4598838
4600460
4600472
4600623
4601064
4602414
4602455
4604657
4605554
4605929
4606280
4606538
4607477
4609418
4609538
4609890
4611203
4611385
4611666
4611891
4611972
4612420
4613832
4613921
4614017
4614267
4616709
4616765
4616841
4617234
4618306
4618464
4619878
4620961
4621093
4622366
4622801
4623084
4623452
4623664
4623892
4624244
4624255
4625285
4625397
4629334
4630871
4631609
4632699
4632822
4633055
4635731
4637234
4637453
4640409
4641108
4642164
4642484
4643203
4643262
4644134
4644556
4644907
4646789
4647197
4647377
4647507
4649165
4651019
4651680
4652177
4653047
4653095
4655041
4655434
4655682
4656716
4658133
4660791
4663715
4664725
4664827
4665153
4665629
4668242
4668255
4669278
4670229
4670345
4670506
4670982
4671267
4672138
4673698
4673922
4676626
4677185
4678205
4679167
4679908
4679954
4680429
4681947
4682373
4682897
4683485
4685038
4685110
4685731
4685797
4686074
4686609
4686947
4687748
4688381
4688837
4689073
4691038
4691331
4692286
4692411
4692587
4693078
4693647
4694029
4695053
4695480
4696245
4696500
4697070
4697559
4697581
4699098
4700574
4701033
4701179
4701490
4701771
4706109
4706224
4707284
4707352
4707841
4708240
4708311
4708340
4709271
4713369
4714058
4717772
4718012
4718752
4720581
4722618
4722761
4723022
4726300
4726808
4727841
4728508
4730481
4732146
4734579
4735687
4735720
4735861
4736180
4736880
4737538
4738130
4738470
4738563
4738571
4739796
4741094
4741961
4742923
4743200
4743408
4743586
4745407
4745605
4748383
4748610
4748621
4749463
4750625
4751104
4751641
4751962
4752063
4753084
4754007
4757560
4757643
4758403
4761391
4762063
4762822
4763518
4763765
4764361
4764822
4765118
4766111
4766353
4766644
4766747
4768351
4768359
4768794
4771673
4772103
4773711
4774062
4774646
4775065
4775157
4775823
4776428
4776481
4779354
4780423
4781432
4781898
4783981
4784509
4784637
4785086
4787078
4788204
4788432
4788458
4789272
4789943
4790017
4790565
4790729
4793258
4794579
4794925
4795529
4796019
4796996
4798810
4799362
4799698
4800359
4800591
4800739
4801868
4802207
4802344
4802709
4803809
4804329
4809214
4812200
4812290
4812407
4812987
4813442
4814210
4816668
4816800
4816975
4817460
4820704
4821451
4821788
4821798
4822556
4824228
4825392
4825414
4826341
4826483
4826982
4827007
4828009
4828900
4829045
4829205
4829564
4830588
4831583
4832203
4832238
4832554
4832565
4834802
4835379
4836252
4836532
4838687
4838715
4839127
4843053
4844033
4844180
4844226
4844773
4844872
4845128
4846108
4846117
4846571
4848225
4849227
4852365
4853778
4855739
4856017
4857041
4857358
4857971
4860163
4861919
4862784
4863806
4864748
4864943
4864956
4865302
4865596
4866327
4867074
4871315
4872746
4873171
4873261
4873785
4874261
4875830
4876608
4877198
4877670
4878425
4879092
4879552
4880616
4880642
4881046
4881357
4881987
4882410
4882870
4884167
4884527
4885392
4885815
4886609
4886624
4886910
4887126
4888528
4888829
4888858
4889613
4890804
4891524
4892350
4893035
4894041
4895036
4896783
4897015
4897556
4900881
4901136
4901232
4901731
4902011
4902604
4903513
4905576
4906147
4906579
4908928
4910705
4912526
4912681
4912818
4915129
4917058
4918566
4918954
4919515
4920059
4920308
4921895
4923736
4924285
4925220
4927116
4927480
4928771
4929408
4930806
4932053
4932132
4935519
4937386
4937847
4938132
4938236
4939887
4939948
4942834
4942895
4944119
4944488
4944760
4945409
4945929
4946898
4947001
4947953
4948301
4948997
4949659
4952619
4952645
4955232
4955291
4956068
4957236
4957468
4959076
4959303
4959658
4961920
4963188
4964620
4965553
4968024
4972665
4973186
4974406
4974811
4974900
4975729
4976902
4977237
4977432
4977865
4978509
4979250
4979874
4980882
4980954
4983088
4983650
4985398
4986549
4988449
4988927
4988974
4990586
4990938
4992912
4993042
4994008
4994719
4994789
4997779
4998186
4998421
4999959
5000048
5000305
5000750
5002840
5003025
5003288
5004637
5004729
5005748
5008771
5008903
5010034
5012514
5013850
5014312
5015926
5016220
5017569
5019294
5020556
5021574
5022766
5022834
5022843
5023187
5023399
5024781
5025065
5025416
5027153
5027161
5027427
5028173
5028188
5028951
5030042
5030081
5030360
5030743
5030947
5031804
5033723
5033942
5034771
5034811
5035883
5036019
5037974
5038925
5039143
5039865
5039888
5040177
5040267
5042507
5042856
5043990
5044224
5044281
5045606
5048865
5049354
5049803
5051181
5052951
5054553
5055276
5056782
5057412
5057518
5057990
5058549
5059646
5059958
5060134
5061776
5062127
5062504
5063073
5064137
5065382
5066647
5067162
5067782
5067793
5067977
5068074
5068339
5068863
5069312
5071502
5073008
5074329
5074353
5077616
5081072
5081671
5081677
5082530
5083124
5083724
5083910
5087086
5087496
5088366
5088597
5091184
5091364
5091992
5094267
5094739
5095802
5098103
5098603
5099190
5099320
5099498
5099624
5099653
5103456
5103996
5104120
5104605
5105792
5108417
5108611
5111299
5111611
5111757
5113306
5114291
5115224
5118967
5119732
5121052
5121339
5125249
5127376
5128283
5128807
5129781
5130444
5131558
5134485
5135399
5137351
5137557
5138764
5139732
5142758
5142791
5143236
5144118
5145917
5145938
5146102
5146733
5147653
5148755
5148882
5149016
5149191
5152814
5152857
5154748
5156267
5156403
5156612
5159470
5159509
5159607
5160866
5162864
5163518
5163631
5163708
5164143
5165750
5167438
5169796
5170097
5170184
5170905
5172997
5175932
5176324
5177045
5177101
5181157
5182765
5184195
5184285
5184841
5184955
5185994
5186633
5188161
5188708
5188804
5189242
5190661
5190677
5191006
5191083
5191660
5191914
5194050
5194090
5194617
5194927
5196266
5198071
5198614
5199191
5201239
5202224
5203284
5203495
5203596
5205374
5208061
5208689
5208726
5210398
5214165
5216188
5217335
5217711
5219172
5219202
5220043
5220273
5221076
5224327
5224515
5226442
5226627
5227255
5228766
5228859
5229167
5229177
5229618
5235866
5236381
5236431
5236471
5236552
5237334
5237533
5237957
5238733
5239952
5241306
5243792
5244268
5244303
5244963
5245385
5246275
5246960
5247147
5248078
5248883
5248936
5251689
5251895
5252618
5253129
5253144
5253628
5253896
5256302
5259751
5261022
5261383
5261751
5262107
5262375
5263373
5264588
5264813
5264996
5265555
5267900
5267927
5276191
5279180
5279568
5279722
5280359
5281809
5282322
5282595
5283193
5284569
5284875
5285873
5287690
5288258
5288460
5288886
5289185
5289967
5291598
5291708
5291717
5292007
5292764
5292856
5293387
5294326
5294532
5299154
5299912
5302761
5304552
5306238
5306639
5306683
5306937
5308240
5308374
5309958
5310662
5311177
5312704
5315052
5315730
5315816
5316659
5316989
5317682
5318917
5319427
5322434
5323919
5323978
5324961
5325045
5326383
5326737
5327335
5328341
5329256
5329780
5329861
5332611
5333728
5334371
5335824
5335896
5336521
5338812
5339001
5340551
5341288
5341514
5342073
5343407
5343843
5346152
5346361
5346609
5346814
5348898
5351233
5351368
5354093
5354985
5357752
5357795
5358122
5358404
5360286
5360564
5362928
5363371
5363452
5364980
5365732
5365768
5367895
5368478
5368573
5368740
5369401
5370390
5370894
5370911
5371663
5372300
5372341
5372624
5372896
5373212
5375245
5375335
5375356
5376617
5377858
5378063
5378337
5378768
5378772
5381421
5381890
5382069
5383139
5383479
5384710
5384769
5385571
5385611
5387213
5387217
5388167
5388408
5388471
5390524
5390688
5391542
5391978
5393555
5393737
5394539
5395223
5395333
5396361
5396416
5397840
5399604
5399980
5403131
5404688
5407628
5408634
5409265
5410155
5410502
5411153
5411943
5412786
5413079
5413438
5414884
5416006
5417853
5419297
5419365
5423955
5424549
5425135
5425562
5426034
5428746
5432688
5433222
5435471
5435719
5435833
5439890
5439960
5440755
5440874
5443096
5443154
5443682
5445810
5446081
5446567
5446916
5448608
5449023
5450916
5452888
5453163
5453392
5454045
5456661
5457216
5457673
5459106
5461915
5462160
5464651
5466695
5469728
5469910
5470627
5470787
5471076
5471318
5471440
5472009
5473115
5476031
5477131
5478501
5479238
5480781
5481361
5482657
5483522
5483668
5484014
5484253
5484320
5485676
5486510
5486663
5487944
5489649
5492744
5493905
5493991
5494565
5495122
5496492
5497656
5498575
5498735
5499210
5499477
5499676
5499802
5500122
5500769
5501342
5501696
5501733
5502147
5503660
5505355
5506387
5506514
5506824
5507006
5507398
5509289
5509311
5509589
5511775
5512016
5512088
5513060
5513440
5513557
5514369
5514969
5515616
5515696
5515951
5516155
5516375
5517254
5517376
5517958
5519412
5519493
5520484
5520505
5520744
5521795
5523026
5523320
5525480
5526417
5526530
5526566
5527720
5527929
5529174
5534120
5534757
5537158
5539142
5540059
5540696
5540958
5541187
5541661
5542014
5542636
5542925
5543908
5547248
5548212
5549131
5550958
5551086
5554191
5554992
5555936
5556060
5557620
5558852
5559006
5559084
5559490
5559498
5559837
5560901
5561680
5562345
5562586
5564843
5566865
5567969
5570598
5573135
5573465
5574253
5574674
5576294
5576480
5576619
5577120
5577786
5580532
5580551
5580591
5580769
5582343
5583508
5583802
5585769
5586867
5587590
5588027
5588191
5588444
5589393
5589920
5590774
5591616
5591902
5592638
5593131
5593277
5593395
5595043
5595535
5595869
5596347
5596726
5597232
5597555
5598674
5598696
5598802
5600533
5601148
5601694
5601843
5602459
5602707
5603201
5605647
5606165
5607082
5607474
5609506
5610550
5610637
5610691
5610742
5610951
5613368
5616173
5616278
5617876
5618510
5618614
5618647
5619427
5619499
5619863
5620142
5621168
5621543
5625328
5627633
5628118
5628142
5628532
5629076
5629170
5629576
5632781
5633688
5634666
5634867
5635382
5635694
5636261
5636370
5636891
5636930
5637597
5637963
5638644
5639759
5640830
5640945
5641551
5641597
5641614
5642350
5642882
5643848
5644654
5646940
5647857
5648287
5648305
5650068
5650636
5651353
5651906
5652850
5652883
5654052
5655691
5658150
5658534
5661741
5662993
5663438
5663730
5664520
5665092
5665236
5665437
5665801
5666287
5666587
5667254
5667816
5667895
5668140
5669529
5672569
5675079
5675411
5677495
5678904
5679222
5679258
5679389
5680425
5681620
5681713
5683244
5683636
5684964
5686175
5686632
5688963
5689530
5689725
5689757
5691060
5691579
5692502
5692512
5694651
5694660
5696516
5697060
5697370
5697741
5699205
5700332
5700745
5700745
5700752
5701435
5702564
5704950
5705013
5708399
5709123
5711183
5712332
5713491
5717585
5717731
5721976
5722368
5722845
5724549
5725121
5727119
5727459
5727835
5728332
5728688
5729420
5730775
5731465
5732090
5732249
5732743
5734572
5735221
5736292
5738419
5738924
5739229
5739299
5739558
5740005
5740220
5740293
5740495
5741444
5741952
5743367
5743386
5744303
5744802
5746775
5747304
5748313
5750384
5750685
5750759
5751453
5752022
5752026
5752957
5755159
5764298
5764582
5764662
5764829
5765294
5765913
5766490
5766663
5767082
5767577
5768035
5769866
5771825
5772160
5772495
5773246
5776465
5776681
5778702
5779434
5782853
5784409
5784721
5784885
5785463
5785652
5785674
5787835
5787913
5790060
5790733
5793884
5794827
5794910
5795251
5795354
5795837
5796967
5797082
5797981
5798351
5802114
5802228
5802266
5802427
5803434
5805454
5806172
5807098
5809787
5811902
5812762
5813083
5813137
5814354
5815075
5816002
5817788
5823230
5824705
5826164
5826489
5827088
5829005
5831475
5832210
5832415
5832868
5836290
5838363
5838436
5838928
5838982
5840399
5841043
5842618
5842976
5843910
5845412
5845564
5846213
5849592
5849933
5850477
5850718
5850807
5852558
5853024
5853176
5853679
5854382
5855710
5856224
5857438
5859723
5862146
5863315
5866640
5867684
5868568
5870014
5870582
5871036
5871911
5872054
5872400
5874555
5875300
5875721
5875762
5877507
5878854
5879228
5880591
5880948
5880976
5882187
5883070
5883434
5883913
5884144
5884331
5884347
5885766
5887195
5887207
5887612
5888302
5888654
5889103
5893233
5894395
5895955
5896247
5897148
5897441
5897895
5898217
5898262
5899549
5899923
5900162
5902852
5903225
5905185
5905529
5905939
5907123
5907821
5909839
5910002
5911897
5914188
5914394
5914823
5915559
5917196
5918481
5918818
5920594
5920872
5921418
5921740
5922787
5923336
5924391
5925289
5927740
5932078
5932324
5932790
5933341
5933673
5933679
5933970
5935693
5936169
5941366
5942966
5943457
5944007
5944700
5945543
5946339
5947159
5947402
5948061
5951264
5951297
5951612
5951685
5952960
5953679
5955463
5955966
5959813
5960065
5960142
5960907
5962419
5963059
5964485
5965039
5966004
5966449
5968614
5969441
5971729
5971791
5971895
5972094
5972612
5973072
5974749
5975048
5977427
5979595
5981251
5983401
5984595
5986053
5986785
5987587
5989174
5989686
5990600
5994117
5994333
5994719
5994943
5997847
5999486
5999793
6001023
6001930
6003351
6003636
6006334
6008396
6009510
6009942
6010102
6010475
6011871
6012263
6012993
6014279
6016307
6017199
6017859
6019840
6019941
6021059
6022848
6024396
6026288
6026350
6027055
6029096
6029195
6029261
6029263
6030139
6030989
6032301
6032864
6034400
6034615
6035332
6037438
6037517
6038237
6038751
6039133
6039444
6040570
6041523
6042443
6042725
6044384
6044667
6045686
6045772
6045943
6046775
6047173
6048569
6049371
6050351
6052388
6052578
6052643
6052804
6053176
6054177
6054302
6055030
6058953
6059294
6059448
6059932
6060214
6061116
6061790
6061883
6063545
6063683
6066067
6068634
6069072
6069948
6070950
6074875
6075256
6076258
6077781
6077914
6078186
6079442
6081453
6081903
6082539
6083529
6083653
6084736
6084869
6085091
6086036
6086116
6086341
6087875
6088483
6089043
6089074
6089418
6089491
6089909
6090528
6090709
6090983
6092093
6095899
6096015
6096918
6097328
6097903
6098019
6099131
6101683
6102455
6102854
6103671
6104029
6104349
6106244
6107163
6107233
6109140
6110139
6111019
6112150
6112669
6113491
6113526
6114102
6115951
6117381
6117592
6118450
6120664
6121655
6121801
6121964
6122329
6122601
6123265
6125411
6126205
6126233
6126918
6128216
6128760
6129531
6131588
6132250
6134333
6135590
6135801
6137865
6139300
6139721
6139768
6140169
6140336
6140387
6140681
6141786
6142729
6143429
6144209
6144388
6145551
6145994
6146701
6147835
6149065
6150038
6150088
6150132
6151811
6153098
6153179
6153433
6154078
6154795
6155383
6157439
6158700
6160440
6160440
6161906
6161919
6161955
6162029
6164631
6165290
6166107
6166487
6167302
6168231
6170727
6172501
6174459
6175149
6175474
6176706
6176878
6177117
6178489
6179358
6179422
6180213
6181267
6181491
6182180
6183219
6185363
6185727
6186515
6186864
6187786
6187963
6190635
6190684
6190816
6192378
6193531
6194805
6194834
6194871
6197736
6198076
6198717
6201544
6202646
6205580
6207263
6207870
6208032
6209191
6209355
6209502
6211361
6213528
6213764
6216394
6216678
6219109
6219982
6220242
6220516
6221050
6221149
6222447
6224409
6224529
6225948
6228690
6231099
6231728
6231994
6232296
6233833
6235033
6235038
6235668
6237261
6237508
6238073
6238882
6238995
6239092
6241063
6241880
6243401
6245302
6247628
6248046
6248142
6248945
6249981
6250963
6251405
6252848
6253415
6254012
6255682
6256646
6257359
6258131
6259307
6259423
6259511
6259926
6260062
6260930
6263024
6263507
6267668
6269995
6270125
6270970
6271337
6272521
6273454
6273594
6273639
6274245
6274262
6276614
6277800
6277868
6278302
6278365
6278660
6279100
6279124
6282119
6283461
6288484
6289640
6289721
6290888
6290930
6291971
6294857
6296029
6296421
6296524
6298007
6298671
6299198
6299364
6299414
6301599
6301723
6301851
6305305
6306914
6307085
6308803
6308910
6309428
6310996
6311713
6312108
6316277
6317123
6317485
6317970
6318267
6320225
6320726
6325935
6326728
6326860
6326950
6328468
6329281
6330116
6330459
6330784
6331454
6331464
6333164
6333550
6333916
6334128
6334531
6335823
6336462
6337512
6338005
6338491
6339635
6339751
6339836
6340004
6340207
6343967
6344267
6345756
6345789
6346980
6347687
6347787
6348928
6349680
6351382
6351953
6353982
6354082
6354176
6360315
6361281
6361291
6361837
6362017
6362213
6363036
6363292
6364321
6365094
6365247
6366638
6367072
6368095
6370075
6371894
6372352
6372428
6373915
6375772
6376183
6376500
6377639
6378141
6378169
6378225
6378417
6378940
6382299
6382772
6383386
6384433
6384849
6384981
6386012
6387193
6387539
6388280
6388353
6391591
6391644
6392196
6394432
6394897
6396589
6396642
6398791
6399559
6400366
6405098
6405324
6405751
6406183
6406694
6407886
6408523
6409874
6412708
6412836
6413169
6413565
6415121
6415281
6416855
6417036
6418360
6418573
6419940
6419973
6420454
6420662
6420755
6420816
6423235
6423373
6424303
6424675
6426796
6428082
6428159
6428999
6429407
6429766
6431038
6431570
6432767
6433943
6434341
6434945
6435761
6435896
6436120
6437976
6439234
6439623
6441730
6442417
6442521
6442616
6443472
6443537
6444216
6444566
6446513
6446824
6448423
6449070
6450136
6452332
6453005
6454805
6455517
6455604
6457142
6459321
6459911
6460203
6460378
6461331
6462990
6463753
6463759
6466196
6468386
6468703
6468951
6470519
6471345
6471409
6472280
6472620
6473432
6473493
6473494
6474127
6474279
6475472
6476065
6476227
6476382
6476815
6477965
6478065
6479296
6479725
6480641
6481435
6481961
6481973
6482329
6482496
6482582
6482587
6482892
6482957
6485440
6486890
6487053
6487846
6490853
6492870
6493162
6493401
6493506
6493576
6493903
6494932
6495000
6496497
6497127
6501361
6502543
6504160
6504548
6505876
6505896
6506283
6508806
6509093
6509607
6510492
6510623
6512658
6513493
6516477
6516551
6518980
6519678
6520428
6520972
6521175
6521904
6521969
6523404
6523880
6523953
6526487
6526487
6526577
6527498
6527966
6529759
6530006
6531771
6534020
6535560
6536752
6537598
6539259
6539266
6540156
6542197
6542314
6543422
6545129
6545211
6547682
6548650
6548689
6548796
6549862
6550204
6551705
6551854
6552442
6553813
6555038
6555841
6556238
6556808
6557864
6558698
6558716
6559443
6559706
6559879
6563728
6564044
6564350
6564451
6564854
6565068
6565262
6566220
6566783
6567733
6571194
6572158
6573458
6573491
6573975
6574151
6574527
6576727
6577911
6578139
6580166
6580426
6581742
6583046
6583274
6584041
6584661
6585919
6586940
6588488
6589266
6589401
6590245
6591518
6594629
6595450
6597187
6597871
6597960
6598955
6599804
6600902
6603187
6603595
6603732
6603772
6604261
6604580
6605594
6606677
6606825
6608175
6609075
6609171
6609625
6612532
6612619
6613021
6613994
6614147
6616072
6616094
6616330
6617686
6617810
6617939
6618210
6618878
6619210
6621486
6623491
6624541
6625945
6627472
6628359
6630062
6630261
6630294
6630618
6631936
6631951
6635921
6637466
6638574
6641467
6642367
6642450
6643444
6644046
6645657
6647117
6647541
6648213
6649357
6649493
6652758
6652794
6654907
6655077
6657541
6659352
6660742
6661116
6665584
6666088
6667357
6667386
6668637
6668667
6668762
6669514
6670000
6671085
6671328
6671512
6672048
6673208
6673750
6674364
6675509
6676960
6677531
6677583
6679047
6679791
6680646
6681658
6683644
6684035
6684133
6684367
6684450
6684615
6686006
6686302
6687015
6687445
6687766
6688349
6689178
6690536
6691477
6691556
6692024
6693374
6693498
6694440
6695400
6696308
6696511
6696845
6698303
6698387
6698749
6699028
6700200
6701166
6702234
6702428
6703854
6704011
6706212
6708476
6708950
6709007
6709517
6710432
6710697
6711120
6711170
6712143
6713010
6713359
6713686
6713962
6714423
6716280
6716988
6717776
6717808
6719940
6720168
6720611
6721829
6723240
6724085
6724370
6724737
6726044
6726082
6728711
6728979
6729141
6729959
6737295
6739142
6739704
6741027
6741504
6742952
6743111
6743801
6745131
6746177
6746594
6748263
6748529
6750586
6750841
6752626
6752911
6753592
6753940
6755018
6755238
6755503
6756159
6756325
6757450
6757662
6758315
6760798
6761158
6761250
6762524
6764015
6764647
6765481
6768198
6768880
6768947
6769644
6771061
6775311
6775389
6775784
6776349
6776413
6776520
6777032
6778522
6783412
6783484
6784157
6784571
6786686
6787164
6787587
6787693
6787793
6788167
6788841
6789710
6789894
6790038
6790063
6790846
6792349
6792513
6793767
6796272
6798712
6800859
6801229
6801893
6802428
6804242
6804943
6805645
6806075
6806120
6807340
6808682
6809616
6809715
6811356
6813099
6814419
6814676
6814877
6817793
6820525
6821689
6822821
6825130
6827165
6827231
6828559
6828990
6829315
6829845
6830949
6831656
6833101
6833246
6834012
6835063
6835978
6836330
6838964
6839901
6842802
6843168
6846398
6846611
6847367
6849345
6850309
6851838
6851997
6852038
6852744
6853171
6853252
6855264
6855884
6859305
6860890
6860916
6860993
6861546
6863314
6864594
6864927
6866336
6866926
6868105
6868769
6869444
6870640
6874898
6876670
6877594
6879991
6880204
6881365
6883471
6883821
6885379
6890267
6890501
6893645
6894019
6894340
6894714
6894890
6894890
6895312
6896723
6896805
6897756
6899189
6899238
6901587
6903323
6903656
6907599
6907953
6909735
6910220
6910835
6911746
6912310
6912932
6913429
6913429
6915413
6915935
6916697
6917806
6918569
6918735
6920783
6920831
6923613
6924080
6925562
6927065
6929023
6931313
6931743
6931878
6932392
6933157
6933833
6937243
6937439
6937781
6940373
6942180
6942195
6942435
6943671
6943968
6943981
6947252
6953538
6953989
6955532
6955760
6956998
6957477
6957719
6959140
6959141
6960145
6960811
6961331
6961755
6962069
6962915
6964986
6965180
6965353
6965973
6966802
6967819
6968954
6969394
6972512
6973381
6973725
6974898
6974917
6975381
6976751
6977703
6979313
6979586
6979779
6980455
6980510
6982318
6982330
6982464
6984242
6984924
6985433
6988014
6989276
6989839
6991332
6992055
6993094
6998329
6998462
6999533
6999961
7000182
7000678
7002217
7002596
7002960
7005759
7007567
7009305
7009831
7012787
7013481
7013567
7016918
7017232
7020130
7020659
7022456
7023174
7023399
7023738
7023947
7024860
7026094
7027257
7027476
7028699
7028941
7031084
7031854
7032197
7032388
7032463
7035033
7035677
7038183
7039403
7039621
7039739
7045402
7047380
7049539
7050301
7050966
7051489
7051506
7053327
7054009
7054157
7054338
7054340
7054542
7054955
7057111
7059343
7059750
7059836
7060064
7061407
7063824
7064212
7065755
7066995
7069120
7069463
7070265
7070514
7072018
7072392
7072400
7074989
7075692
7075725
7076310
7077296
7077673
7078115
7079576
7079921
7082487
7082886
7084161
7086907
7087299
7087389
7088303
7090169
7090688
7091529
7092288
7092703
7094955
7095010
7096679
7100043
7100435
7100981
7101336
7102817
7103000
7104923
7105331
7105444
7106671
7107003
7108700
7109737
7109923
7110843
7113305
7115081
7117008
7117587
7118169
7119559
7121529
7122511
7122651
7124099
7124170
7125058
7125665
7125818
7126569
7129417
7129467
7129542
7130288
7130735
7133465
7134851
7134999
7135114
7136621
7136778
7138150
7139224
7140131
7140132
7140152
7142930
7143582
7143951
7144017
7145147
7146028
7149578
7152083
7152211
7152783
7153547
7153831
7154674
7154675
7154963
7155740
7156422
7156643
7157558
7157628
7158117
7158834
7159023
7159688
7160183
7160990
7161039
7162552
7162748
7165173
7165688
7169502
7171281
7171648
7174140
7174972
7175158
7177933
7178840
7179704
7179971
7181938
7182040
7183228
7183897
7184011
7184257
7184628
7185202
7185716
7186020
7187469
7187566
7188607
7188738
7188777
7188878
7189855
7189986
7190266
7190917
7191800
7193659
7194766
7195104
7195238
7197408
7200468
7200476
7202378
7202451
7202522
7202869
7202973
7204251
7204450
7205665
7206909
7206921
7207295
7207701
7207893
7208788
7209967
7210538
7211604
7211632
7213509
7214342
7214795
7214985
7215450
7216691
7221035
7221481
7222937
7223267
7223317
7223542
7224338
7224996
7225955
7226359
7226879
7227755
7230703
7231493
7231942
7233025
7233223
7233731
7234524
7234706
7236015
7237169
7237916
7238186
7239460
7239886
7241540
7242756
7242969
7245273
7245639
7246343
7248526
7251008
7251457
7251882
7251976
7255310
7255387
7255915
7256822
7257166
7257797
7258660
7258716
7259279
7263037
7263195
7266497
7268349
7268547
7269099
7269122
7271030
7271438
7272184
7273999
7274132
7274687
7274948
7275218
7278124
7278705
7279395
7279811
7279915
7279966
7281166
7281213
7285527
7285779
7288545
7291538
7292557
7293198
7294025
7294769
7296866
7297731
7298094
7298777
7299015
7300109
7300395
7300851
7302845
7302938
7303488
7303579
7303676
7303958
7304561
7305819
7309179
7309790
7311480
7312678
7313033
7313385
7315386
7315912
7317886
7318746
7318875
7318972
7319138
7319962
7320049
7320415
7322353
7322904
7323121
7324567
7324815
7325156
7328162
7330337
7332198
7333207
7333655
7334541
7334581
7335162
7335769
7337105
7337126
7337957
7338313
7339849
7339981
7340737
7340940
7341876
7342965
7343695
7344226
7345577
7346350
7347233
7347472
7347484
7348824
7349055
7349572
7349661
7349707
7350560
7351977
7352938
7353429
7353677
7354828
7358770
7359594
7361446
7361797
7364106
7364757
7364941
7365215
7365806
7366648
7370634
7372986
7374623
7374693
7377462
7377888
7378271
7378331
7378541
7379391
7380074
7380200
7382458
7383619
7385351
7385785
7386942
7388696
7388766
7388901
7390573
7391277
7391312
7391444
7392416
7392549
7392852
7393379
7394245
7396316
7396677
7397106
7397212
7397755
7398254
7399430
7399674
7399733
7400548
7400744
7402139
7402586
7405108
7405728
7406200
7406280
7406844
7407197
7407289
7407633
7407664
7408109
7409434
7409811
7410225
7411401
7412683
7415131
7417664
7418178
7421131
7421199
7421284
7421752
7422088
7422291
7422563
7423039
7423975
7425588
7427162
7427886
7430006
7430339
7433235
7433348
7435547
7436894
7437221
7437704
7440517
7440653
7441823
7443889
7444758
7445026
7445203
7445409
7448002
7448205
7448927
7451199
7451802
7452604
7453134
7454412
7454651
7457872
7458184
7462386
7463810
7467353
7467894
7468053
7468415
7471285
7473861
7474119
7474348
7475188
7478024
7479002
7481145
7483220
7485122
7485558
7485635
7487594
7487983
7488396
7489638
7490462
7490579
7491745
7492364
7492836
7493403
7493461
7495398
7495499
7495847
7496076
7496734
7497836
7497857
7498534
7499963
7501517
7501739
7502842
7504213
7504846
7505979
7508187
7508442
7508773
7508832
7510197
7510582
7514894
7516123
7516436
7516530
7517161
7518852
7519222
7519624
7519750
7521051
7521739
7523815
7524186
7524388
7524512
7525870
7526926
7527400
7527730
7528165
7528204
7528633
7528641
7529625
7532095
7534873
7535284
7538753
7539539
7540189
7540489
7540564
7540867
7540952
7541125
7541967
7543646
7544163
7546453
7546827
7546922
7546976
7550680
7550842
7552619
7554180
7554949
7556123
7557046
7559428
7559840
7560645
7562973
7563910
7568516
7568811
7568826
7569662
7570653
7573660
7573848
7573980
7574726
7574966
7575977
7576757
7577963
7578668
7579774
7580178
7581080
7582553
7583362
7584846
7585286
7590162
7590684
7590754
7593675
7593729
7593814
7594898
7595339
7595811
7596160
7596718
7597263
7598208
7599256
7601808
7602416
7604565
7605599
7606213
7608181
7609180
7609449
7609752
7612447
7612606
7613587
7615550
7616767
7616974
7619108
7619272
7619737
7620340
7620802
7622766
7623637
7623914
7623952
7624267
7625847
7626088
7627073
7628668
7631238
7631381
7631603
7631815
7633336
7634190
7634444
7634886
7638272
7638435
7638782
7638950
7641101
7642225
7643075
7644144
7644448
7644633
7646276
7646678
7647385
7647547
7650026
7653431
7654436
7654455
7655372
7655576
7655956
7656214
7658904
7660084
7661636
7664436
7664440
7664494
7665535
7666656
7667962
7669099
7670158
7671300
7672621
7672939
7673883
7674579
7675280
7676143
7677013
7678649
7679120
7679468
7679529
7679883
7680071
7681293
7681587
7681715
7685468
7687789
7688470
7688862
7689071
7689186
7689720
7690980
7693401
7694821
7694874
7695956
7695985
7697626
7699185
7699944
7700805
7701958
7703944
7704066
7704521
7704875
7705973
7706335
7706890
7709793
7710364
7713563
7714840
7715575
7719238
7720019
7720146
7724046
7724113
7724617
7726382
7729941
7733395
7733621
7734268
7734590
7735111
7735569
7736793
7736965
7737271
7738739
7739226
7740186
7740374
7740653
7741264
7741908
7742165
7742223
7742543
7742650
7743556
7745441
7745799
7747234
7748773
7749329
7750107
7750149
7751258
7751641
7752926
7754372
7755114
7755538
7756727
7757160
7757743
7758539
7760747
7761912
7762730
7762946
7763822
7763866
7764662
7765387
7765502
7767738
7768003
7768170
7768991
7772230
7772589
7773047
7774455
7775492
7776057
7776199
7781364
7782882
7783418
7783781
7783978
7784672
7784823
7785113
7785533
7785972
7787363
7787514
7787894
7788256
7788312
7788462
7788651
7792474
7794346
7794692
7795747
7795798
7796222
7796408
7798178
7798856
7799722
7799994
7800371
7801546
7801866
7802901
7802966
7803023
7803166
7804176
7804273
7804303
7806262
7806919
7808616
7808633
7808896
7809104
7810286
7812299
7813697
7813739
7815056
7816984
7816984
7819124
7819834
7820085
7820662
7820978
7822208
7822749
7823294
7824389
7824493
7824747
7824797
7825084
7825565
7825871
7825878
7826227
7827012
7827215
7827355
7828181
7828478
7828665
7829783
7830494
7830600
7831056
7831224
7831897
7832359
7832465
7832727
7833904
7834431
7835565
7836339
7836389
7836948
7837725
7840601
7840781
7843240
7844167
7845897
7845918
7846241
7846426
7846579
7847197
7850821
7851417
7851809
7852866
7853342
7854487
7854561
7855866
7856103
7856443
7856602
7856997
7857393
7857511
7858561
7859235
7859263
7859299
7861365
7862492
7862534
7862623
7863680
7863737
7864013
7865859
7866829
7869033
7870426
7871197
7872201
7873666
7874668
7875580
7875900
7875959
7876539
7877155
7877520
7877667
7877894
7878485
7880396
7881299
7881605
7881761
7882695
7883039
7883881
7883940
7886498
7887153
7887161
7887242
7887552
7888180
7888578
7888630
7889300
7889329
7891144
7892840
7895848
7895965
7896500
7896654
7897639
7897747
7898970
7899300
7900943
7901062
7901077
7901224
7901312
7901939
7902269
7903257
7903658
7904156
7904676
7905876
7907118
7907581
7907926
7908438
7909191
7912067
7912410
7913473
7913949
7914111
7916024
7916667
7917718
7917916
7919526
7919758
7920693
7921732
7923555
7924225
7924349
7924444
7924740
7925819
7926294
7926808
7926848
7927255
7932413
7932820
7934067
7935068
7935083
7935387
7936605
7937199
7937378
7938058
7938928
7940340
7940889
7940935
7941466
7941937
7946755
7946818
7946863
7947189
7947694
7948314
7949476
7949746
7949921
7950226
7950585
7950894
7952054
7954287
7955863
7956441
7957127
7958237
7958475
7960211
7962330
7964611
7964768
7965137
7965712
7965826
7966885
7967272
7967616
7968242
7968642
7969745
7971853
7971942
7972856
7973066
7976459
7977184
7977960
7981966
7982038
7982198
7982429
7983088
7983582
7984094
7984125
7986376
7987213
7987615
7988547
7988991
7991989
7992322
7994262
7995039
7996752
7996886
8000296
8000888
8001984
8002327
8003071
8003138
8003921
8006326
8006419
8007579
8008405
8008916
8010321
8012499
8013352
8013845
8014277
8014307
8014392
8014991
8015490
8017557
8018101
8019028
8022566
8022821
8023510
8024648
8026148
8026687
8027940
8028413
8028751
8029080
8030196
8030317
8030557
8032115
8033396
8033816
8034693
8035579
8036232
8036415
8036829
8038578
8041487
8041582
8042014
8042586
8045204
8048040
8049566
8051285
8052352
8052461
8053077
8053623
8053693
8055417
8055608
8055943
8056907
8057188
8059034
8059297
8059303
8059956
8060148
8060593
8062411
8062500
8062632
8063149
8064372
8064435
8065151
8066610
8067138
8068092
8071511
8073379
8074339
8075224
8075349
8076765
8077810
8078404
8079091
8081355
8081595
8081696
8083336
8085495
8085949
8086458
8087814
8088277
8090253
8090565
8091717
8091833
8092520
8094047
8094715
8095123
8095501
8095575
8098021
8098245
8098398
8098573
8099398
8099740
8100311
8100404
8101670
8102562
8103645
8106051
8106728
8106800
8107745
8108544
8109066
8110367
8111282
8115850
8116360
8116478
8116534
8116568
8117796
8118707
8119102
8122412
8123045
8123791
8125272
8126552
8126573
8127319
8127598
8128260
8131413
8131555
8133018
8134560
8135067
8136834
8136840
8137409
8137500
8139705
8140267
8140555
8141020
8142986
8144348
8145562
8146820
8147366
8148706
8152793
8155779
8156197
8158293
8158619
8158901
8159830
8161799
8162528
8163215
8164423
8165421
8168326
8168348
8168997
8170898
8170937
8170963
8173231
8173704
8174874
8175681
8175759
8176754
8180219
8184155
8185121
8186382
8187705
8188676
8188806
8189792
8189794
8191690
8191714
8192531
8192541
8193421
8194133
8194248
8194914
8197755
8198139
8198172
8198417
8198480
8199551
8205010
8206125
8206149
8206195
8207031
8209041
8209743
8209899
8211827
8213128
8214661
8215148
8216996
8217074
8217580
8217730
8218469
8220806
8223640
8225276
8225645
8225666
8226435
8227012
8228439
8228513
8230303
8230769
8231605
8232352
8234716
8234765
8235103
8235326
8236179
8236286
8237959
8238009
8238181
8238412
8239021
8239824
8239927
8241114
8245796
8247154
8247604
8248809
8250933
8251318
8251372
8252601
8252606
8253018
8253337
8253732
8253846
8255390
8256222
8257167
8257989
8258725
8259969
8260898
8261122
8263100
8263113
8263305
8263347
8264435
8264938
8265072
8267390
8267440
8268773
8270931
8271203
8274091
8274829
8275455
8276747
8276874
8277512
8277533
8277791
8277910
8278588
8278978
8280568
8280753
8282571
8283161
8284598
8288770
8289406
8290858
8291117
8291129
8291457
8291534
8291822
8292915
8294398
8295574
8295675
8298450
8298483
8298683
8299760
8300142
8300602
8301435
8301595
8302651
8303339
8305263
8305689
8306062
8306206
8309714
8309912
8310459
8310586
8314356
8314358
8314627
8315082
8316382
8317718
8319116
8319306
8319380
8319681
8321236
8321268
8323501
8325057
8325098
8327697
8329512
8330671
8331286
8331734
8332188
8333974
8334084
8334764
8334822
8335044
8335849
8336713
8337841
8338474
8339335
8339365
8341551
8341556
8341667
8342963
8347465
8347693
8348493
8350287
8350432
8352692
8353554
8354553
8354674
8354860
8356379
8357648
8359432
8362392
8362409
8362672
8363057
8363419
8364921
8366396
8366678
8368788
8370352
8370503
8371747
8372249
8372769
8378421
8378424
8378635
8379363
8379621
8380017
8380923
8382360
8383005
8383180
8385920
8386828
8387455
8388341
8388674
8389653
8390332
8393174
8393467
8393467
8394243
8395035
8395325
8397718
8398256
8398408
8398713
8399010
8402323
8402880
8402975
8403067
8405909
8406219
8408607
8408942
8411563
8412025
8413324
8413407
8414040
8414988
8415596
8416499
8418361
8419109
8419165
8420606
8421243
8421366
8421830
8422724
8423536
8424338
8424852
8426145
8427235
8429196
8429989
8430676
8431986
8432763
8433819
8435110
8435201
8436829
8436926
8438354
8438885
8440665
8441554
8442381
8443096
8443526
8444301
8446809
8447148
8449009
8449247
8450221
8453274
8454509
8454760
8455549
8455716
8455854
8456953
8457070
8457144
8458286
8458698
8459721
8461382
8462756
8463177
8463841
8465436
8466695
8468277
8469632
8469795
8469890
8470019
8470038
8471669
8472078
8472857
8473278
8473543
8474055
8474887
8476384
8476407
8476750
8477008
8479634
8479683
8479983
8480674
8480746
8481597
8483524
8483545
8483555
8483786
8484860
8485101
8485646
8487086
8487641
8489580
8491174
8491530
8493946
8494382
8495421
8497554
8497676
8498519
8500050
8502949
8504025
8505244
8505261
8507401
8507902
8508529
8510669
8511670
8512099
8512105
8513401
8513675
8514019
8515702
8516040
8516618
8516844
8517050
8519149
8519790
8520893
8522132
8522481
8522784
8523278
8523317
8523387
8524475
8524696
8528520
8528764
8528816
8529407
8529670
8532854
8533651
8533926
8533999
8534115
8534468
8536679
8537077
8539001
8539317
8544328
8544562
8544564
8544649
8545003
8546303
8551762
8553694
8553735
8554144
8555817
8556308
8556929
8557437
8558637
8560954
8561269
8561654
8563689
8564354
8564542
8564959
8565225
8565959
8566684
8567136
8568697
8569031
8569528
8570226
8571847
8572627
8572981
8574879
8574951
8576425
8577655
8577898
8578371
8578810
8579127
8579128
8580333
8582636
8582751
8583693
8584180
8584762
8587424
8587712
8587897
8588064
8590687
8591873
8592514
8594063
8595900
8596576
8597588
8598177
8599442
8599881
8600132
8600619
8602233
8604413
8605405
8606109
8606398
8607074
8609282
8609306
8610243
8613123
8614691
8615169
8615469
8615701
8616055
8616251
8616911
8617575
8618774
8618831
8619736
8619821
8619991
8621571
8621672
8621802
8624050
8625018
8625053
8626124
8626754
8627157
8627515
8627720
8627804
8630209
8632218
8632782
8632831
8633720
8634037
8634767
8635275
8636201
8636923
8638634
8638813
8639517
8639819
8640550
8641872
8642275
8642302
8643110
8645320
8645354
8647117
8649270
8651035
8651191
8651336
8652370
8652843
8653122
8653682
8655196
8657252
8658116
8659757
8660434
8660530
8661962
8663362
8664035
8664974
8665271
8665449
8665842
8667589
8669550
8669892
8670234
8671239
8671443
8672174
8672348
8673462
8673702
8674859
8675152
8675954
8676329
8676414
8676762
8678755
8678828
8680062
8680067
8680563
8683381
8683929
8684621
8684705
8685180
8686129
8687231
8687911
8688135
8688479
8689279
8690550
8690644
8691000
8693311
8693391
8694747
8694770
8695142
8695679
8695841
8696155
8697771
8698213
8698964
8700125
8700399
8701156
8701869
8703333
8703728
8704312
8704505
8704713
8705027
8705196
8705206
8705429
8706602
8707996
8709169
8709323
8710121
8711226
8711500
8711788
8712588
8715719
8715922
8717029
8717452
8718060
8718521
8719488
8719873
8720881
8721760
8722372
8722413
8723152
8723912
8723984
8724675
8725286
8725722
8726266
8726434
8727613
8727771
8728000
8728544
8729774
8729890
8730032
8731328
8731732
8731759
8733710
8733861
8733952
8734541
8734846
8735480
8737297
8738233
8738469
8739091
8739677
8740111
8741384
8741796
8743585
8744065
8745602
8747240
8748955
8749341
8751734
8752394
8752543
8752843
8752970
8753005
8753995
8754344
8754508
8754650
8755563
8756506
8758341
8758915
8762307
8763260
8764670
8765695
8766394
8766668
8766897
8768523
8769526
8769831
8773975
8774175
8775105
8776052
8776091
8776864
8777712
8778346
8778932
8779386
8779928
8780807
8780968
8782180
8782441
8783959
8784161
8784713
8784983
8785216
8786482
8786898
8787898
8788084
8789059
8789544
8789975
8791088
8791580
8793043
8793598
8793937
8794704
8795416
8795435
8795887
8797620
8798298
8799524
8799800
8800100
8800341
8801941
8802174
8802485
8802504
8804927
8805809
8806458
8807279
8809057
8810222
8815879
8817200
8817285
8817718
8818017
8820569
8820797
8822209
8822625
8824790
8827546
8828058
8828104
8828205
8828905
8830386
8831093
8831699
8832949
8833753
8835618
8835808
8836513
8837264
8837488
8837712
8839170
8841809
8843791
8844546
8844841
8844862
8846399
8846527
8849824
8850546
8851003
8851847
8852917
8853738
8854407
8854971
8855148
8855558
8855721
8856391
8856939
8857213
8860107
8862228
8863860
8863914
8865078
8866549
8867028
8867242
8868318
8869155
8869478
8870326
8870503
8871712
8872631
8872743
8873015
8875093
8875348
8877637
8879157
8879631
8879813
8883201
8885587
8885739
8886367
8890229
8891297
8892319
8892722
8893901
8894240
8894918
8896479
8899298
8901284
8902333
8904474
8905745
8906484
8907463
8909303
8910931
8911509
8912018
8913304
8913516
8914064
8919123
8919890
8919986
8922632
8923145
8924580
8926145
8927577
8928140
8929072
8929362
8931255
8932648
8933272
8933358
8933544
8934240
8934315
8934621
8935027
8936588
8937869
8938066
8939119
8939886
8940031
8941966
8942637
8943453
8943716
8945456
8945693
8946288
8947605
8949543
8951293
8953268
8954044
8956385
8957940
8959607
8960685
8961030
8961494
8961673
8963663
8967512
8967865
8968213
8969640
8970934
8971395
8971577
8972743
8972894
8973016
8973148
8973341
8973396
8975056
8975824
8975918
8976712
8978747
8983535
8983751
8984075
8984388
8984503
8985468
8985939
8986036
8986520
8992725
8994397
8994817
8994843
8996441
8996900
8997118
8997457
8997673
8998724
8999344
8999692
8999992
9000462
9001878
9002373
9003478
9004566
9007217
9007267
9007525
9007792
9008224
9010164
9012284
9012284
9012754
9012768
9013324
9013919
9015802
9017618
9018424
9018854
9019654
9021375
9022232
9024795
9024830
9025049
9025646
9026015
9027603
9028258
9028273
9029528
9030952
9033665
9034119
9036267
9038007
9038076
9038228
9039541
9041278
9041361
9041628
9043854
9044237
9044294
9045666
9046907
9048568
9049474
9050664
9050973
9053129
9053191
9053387
9053805
9054562
9055291
9056946
9058966
9060301
9063909
9064606
9067363
9067868
9068396
9068805
9068845
9068874
9069485
9069499
9071775
9071884
9072209
9073040
9073447
9073755
9075815
9077155
9077759
9078164
9081704
9081939
9082614
9083076
9083793
9085451
9085539
9086303
9087389
9087552
9088258
9089676
9089802
9089818
9091722
9092164
9092783
9092848
9093229
9094546
9094935
9095303
9095389
9095421
9096494
9098387
9098406
9098936
9100242
9100467
9100982
9102044
9102320
9104310
9104343
9104654
9105596
9106156
9106725
9110362
9110459
9112064
9112067
9113021
9113520
9114131
9114338
9117295
9118543
9119170
9119454
9119722
9119773
9120479
9121463
9123030
9123727
9123781
9124307
9125064
9125218
9125835
9129484
9132226
9132630
9132803
9133200
9134378
9135208
9135549
9135847
9136416
9137354
9137748
9137830
9138131
9140436
9140873
9141158
9142184
9142777
9143541
9143592
9145191
9146322
9147214
9149392
9149411
9150983
9151704
9152020
9153133
9155026
9157440
9157525
9157627
9158183
9158553
9159624
9159670
9160386
9161544
9162591
9162867
9162934
9163178
9164017
9164200
9164749
9164997
9165124
9165440
9166458
9168016
9168232
9169031
9169677
9170026
9172336
9172365
9172743
9173011
9173375
9174669
9174943
9175549
9176238
9176620
9176627
9177360
9178258
9178868
9178992
9181319
9183110
9183243
9184155
9184311
9184472
9184910
9185282
9186049
9190080
9190536
9191918
9193473
9193723
9193727
9195808
9196528
9196679
9197384
9199113
9199516
9200920
9201133
9203146
9204102
9204538
9211058
9211629
9212123
9213688
9214092
9214182
9217141
9218345
9218494
9218676
9218729
9219833
9219921
9220597
9221624
9222059
9222477
9225337
9225435
9226954
9227188
9228958
9229551
9229812
9230160
9230389
9230421
9231465
9231769
9232150
9232406
9234764
9235053
9235426
9237198
9237467
9237704
9238363
9239327
9240090
9241448
9244574
9244672
9244936
9244980
9245578
9245840
9246104
9247168
9247390
9247455
9248364
9249149
9249654
9252114
9253832
9253853
9254035
9254546
9255380
9256041
9256835
9257861
9258279
9258918
9258941
9260749
9263028
9263377
9263540
9263707
9263845
9265260
9266087
9266153
9266202
9266825
9266826
9269612
9271299
9272814
9273001
9273498
9274638
9277545
9278758
9279791
9281207
9281305
9281820
9282265
9283265
9283270
9283767
9284337
9284705
9285476
9286253
9286487
9288397
9289203
9290062
9290632
9290645
9290815
9291355
9291769
9292323
9292324
9292802
9293084
9293553
9294000
9295650
9298407
9299504
9300548
9301993
9302041
9304000
9304842
9305078
9305316
9305923
9306795
9308937
9309418
9309700
9309869
9310632
9311753
9311789
9312449
9313547
9314009
9314177
9314652
9317030
9317226
9317404
9317682
9320196
9320470
9321328
9323639
9324752
9324837
9326212
9326874
9327292
9329582
9330407
9331100
9332152
9332790
9334055
9334415
9334671
9334871
9335767
9336441
9336747
9336894
9336992
9337531
9338760
9339180
9340055
9340249
9340699
9340853
9340905
9342720
9344296
9344531
9345403
9347649
9348865
9350081
9350888
9351079
9351917
9352579
9352778
9352808
9353762
9355242
9355362
9357213
9360786
9361610
9365006
9366095
9366227
9366561
9367197
9367248
9367538
9368322
9369072
9370063
9370584
9371539
9372613
9372791
9373372
9374099
9374668
9374930
9376960
9378062
9378594
9378762
9380264
9382661
9384285
9384499
9384676
9386058
9386723
9387334
9387406
9387422
9388606
9388836
9390865
9391167
9391982
9392278
9392441
9392812
9392923
9393452
9393651
9393687
9393843
9394523
9395048
9395869
9396109
9396489
9396670
9397604
9399130
9400275
9400292
9403622
9404087
9404882
9405185
9405462
9406837
9407523
9408884
9410445
9410879
9413045
9413940
9414771
9415406
9416057
9416065
9416467
9416700
9416703
9419384
9419508
9420569
9420645
9424134
9425726
9427255
9427325
9427710
9429120
9429257
9429904
9431621
9431696
9433395
9433980
9434304
9434742
9434772
9435049
9435745
9435863
9437172
9437287
9441691
9442105
9444458
9448407
9449820
9450379
9451125
9451748
9452069
9453265
9454470
9454486
9455148
9455613
9455671
9458236
9458719
9458936
9461274
9461346
9461740
9461975
9462488
9464719
9464912
9465893
9466345
9466760
9469913
9470440
9471661
9473245
9473864
9474993
9476326
9477546
9478572
9478754
9478857
9478921
9479451
9479806
9480528
9480692
9484338
9484699
9485628
9486925
9488042
9489032
9491584
9491779
9491812
9492448
9492559
9493161
9493591
9493703
9495762
9498827
9499910
9500113
9500906
9501345
9502408
9502955
9504882
9506173
9509728
9510711
9511101
9511414
9511705
9512422
9515231
9516867
9517255
9517414
9517465
9518032
9518380
9518623
9519184
9519644
9520949
9521881
9522219
9522924
9524154
9524728
9525629
9526553
9526753
9528482
9528634
9528657
9528795
9528994
9529946
9530468
9533022
9533984
9534246
9534514
9534655
9535184
9536831
9536865
9537784
9538072
9538802
9541420
9541519
9541839
9543584
9545353
9547764
9548197
9548210
9548872
9550094
9551766
9552069
9552989
9553100
9555032
9555769
9557137
9558710
9558941
9559601
9559799
9561446
9561836
9562216
9562856
9564574
9565095
9566565
9567650
9573216
9573907
9574673
9577144
9577593
9577755
9579923
9579952
9583746
9584603
9585072
9585193
9585286
9585903
9586601
9587374
9588308
9588500
9589815
9589970
9590045
9590351
9590711
9590814
9591659
9591840
9592317
9592804
9594186
9594799
9598116
9598151
9599194
9600029
9600242
9601323
9601413
9602470
9603204
9604917
9605402
9605793
9606673
9606715
9607021
9607026
9608228
9610652
9614468
9615763
9615988
9616006
9618357
9619174
9619210
9620367
9621068
9622532
9622924
9623024
9624499
9628431
9629449
9629634
9630048
9631659
9633907
9634650
9635221
9636050
9638899
9639532
9639936
9639943
9640159
9640420
9643820
9644973
9646068
9646129
9646191
9646399
9649677
9649834
9649908
9651797
9652594
9653249
9653860
9654111
9654556
9657843
9658618
9658908
9661845
9661861
9662731
9664722
9667165
9668987
9670701
9671876
9672268
9672490
9672805
9673085
9673664
9673708
9673871
9674955
9677118
9677551
9678344
9681886
9682178
9683724
9683776
9684773
9685250
9685881
9686103
9686356
9687892
9688326
9689244
9689940
9690700
9691657
9692192
9693730
9696866
9697195
9697430
9697520
9697653
9698217
9699446
9699460
9700482
9700929
9701202
9702129
9703107
9703294
9704758
9706264
9706908
9709153
9709200
9709232
9709368
9709501
9710384
9710452
9711036
9711355
9711740
9712644
9715226
9715476
9715621
9715808
9717005
9717475
9718230
9718874
9719117
9720821
9722319
9723214
9725149
9725395
9727510
9732295
9735349
9736171
9738436
9738848
9740055
9740495
9743552
9743636
9743689
9743780
9744595
9746174
9747484
9747800
9748236
9750749
9751153
9751374
9751448
9752757
9753348
9753736
9754097
9754883
9757243
9758204
9759070
9759945
9763311
9763395
9763461
9763897
9764163
9765213
9765342
9765761
9766261
9767016
9769957
9770342
9770855
9771776
9772685
9773429
9773999
9775082
9776330
9778572
9780981
9781406
9781746
9781928
9781995
9782656
9784182
9785762
9786268
9787209
9788924
9789537
9791072
9792217
9795130
9795860
9798027
9798200
9800074
9801292
9802427
9804080
9804124
9804469
9805714
9807169
9807484
9808154
9808688
9809974
9810595
9810742
9811243
9811948
9813183
9814314
9814505
9817456
9818341
9820103
9820679
9822583
9823612
9826334
9829705
9830280
9831361
9832102
9832777
9832868
9835184
9835360
9835505
9835943
9835961
9836369
9836553
9837640
9838613
9839053
9840641
9840852
9841560
9843274
9846871
9848147
9848678
9849764
9850113
9851321
9852320
9852692
9853677
9855854
9855946
9856471
9856511
9856599
9857284
9857987
9859020
9859618
9860065
9860781
9860941
9861496
9864045
9865514
9865589
9865735
9866643
9866779
9866881
9867829
9868900
9869938
9870957
9871398
9872051
9872253
9873699
9875287
9875989
9876479
9877351
9878516
9881361
9881995
9883172
9885499
9885623
9886145
9886149
9886819
9887163
9887546
9888121
9889940
9890731
9891798
9893381
9896146
9896512
9897162
9898409
9898808
9899216
9901113
9902014
9902042
9902172
9902812
9903560
9905060
9905575
9905579
9907610
9908155
9909148
9909151
9910153
9910165
9910849
9912072
9912541
9915303
9917454
9918019
9918869
9919138
9920403
9921051
9921986
9922021
9922317
9922756
9922792
9922879
9922965
9924969
9927245
9928294
9928850
9929482
9930269
9930465
9930880
9931015
9931459
9932089
9932843
9933470
9935510
9936142
9937504
9937592
9940226
9941268
9941882
9941903
9945602
9946937
9948515
9950162
9950411
9950635
9953026
9953296
9955318
9955331
9955495
9955606
9956702
9956796
9957381
9957441
9957661
9957963
9958082
9959552
9959790
9961877
9963930
9964108
9964160
9964617
9964827
9965509
9965833
9966527
9966929
9969520
9970012
9970356
9970485
9970674
9971245
9973452
9973641
9973871
9974027
9974761
9975660
9975829
9977707
9978412
9978938
9979013
9979527
9981880
9982336
9982798
9983590
9985496
9985587
9985860
9986253
9987412
9987461
9988386
9988427
9990238
9991866
9993804
9993928
9996990
9998422
9998698
9998803
