1010245
1012207
1012777
1013936
1016076
1031354
1033528
1037997
1038177
1043914
1046677
1055196
1057596
1058512
1068256
1071671
1075919
1079821
1083315
1104817
1106740
1130893
1135752
1160087
1162460
1164109
1168228
1183111
1186729
1192964
1224448
1243871
1252332
1256499
1270162
1271872
1278353
1278622
1281363
1292389
1297362
1303466
1303573
1324964
1326412
1330508
1336106
1339557
1341798
1349056
1352553
1354212
1375207
1379003
1383289
1403425
1409312
1410530
1429757
1433668
1443029
1445136
1445355
1451692
1467500
1472097
1486495
1498817
1510730
1529770
1542440
1548989
1554626
1574042
1604509
1609074
1616383
1634051
1658407
1688361
1697281
1708935
1709982
1711000
1723228
1735925
1736421
1738156
1743614
1766517
1799869
1800339
1844209
1849020
1857566
1865427
1870381
1878089
1895565
1906980
1909685
1911861
1923644
1924995
1928951
1939816
1945152
1946643
1958214
1959680
1964793
1967629
1967889
1984173
1988190
2000632
2005111
2017311
2019047
2020249
2027994
2044607
2060936
2066361
2083428
2083612
2084085
2086970
2100300
2109871
2137295
2142007
2143752
2144712
2166310
2169115
2177362
2194822
2225096
2228580
2229904
2265079
2271288
2272556
2275436
2299839
2300829
2314952
2327416
2329166
2346396
2348925
2381653
2388399
2401398
2410496
2410754
2414072
2416524
2425699
2440985
2441097
2445844
2479141
2498632
2500035
2510287
2514896
2516783
2530166
2537269
2541819
2542065
2555100
2573533
2593773
2599985
2601907
2609793
2631032
2635775
2636903
2638307
2651752
2654828
2659595
2665808
2671879
2678314
2680785
2686906
2709258
2714411
2723734
2733518
2757094
2757561
2780884
2790700
2792864
2799694
2799993
2811147
2827520
2831644
2835581
2839599
2857386
2857995
2862123
2880010
2897940
2912419
2913113
2919601
2924898
2926682
2929382
2954067
2955390
2957963
2982544
2990259
2995817
2996832
3010107
3027264
3032116
3035080
3060500
3096376
3098702
3100324
3110110
3111123
3111139
3111300
3112577
3123122
3126484
3136423
3139768
3139774
3141103
3147573
3154622
3183305
3188737
3202177
3211051
3211855
3217763
3242322
3257000
3257720
3261855
3265424
3279831
3289495
3299694
3327541
3332598
3339335
3344293
3346189
3355693
3363225
3363568
3365394
3379477
3383780
3384959
3385724
3386122
3387378
3389690
3407684
3411110
3416860
3419210
3419538
3440860
3447386
3476615
3480146
3481376
3487057
3494316
3495316
3495844
3503551
3527448
3528984
3544372
3559541
3560873
3568450
3582131
3588442
3591198
3606921
3609426
3619681
3624256
3627619
3634098
3643930
3660091
3711329
3720551
3722477
3724502
3730577
3735479
3739913
3743239
3747794
3761561
3763780
3774462
3778584
3790204
3795251
3796506
3797171
3802599
3820524
3837301
3841770
3843180
3877693
3882156
3910546
3915183
3928926
3944337
3947168
3953746
3957685
3966732
3967239
3982164
3985103
3988755
3988913
4016903
4027990
4047753
4067433
4068736
4075945
4076956
4090355
4091472
4095115
4111887
4133284
4134619
4138262
4138954
4139934
4143572
4148499
4150987
4164007
4172435
4175170
4178974
4209899
4219151
4226380
4239940
4258450
4263222
4267391
4275393
4282767
4297614
4302551
4311924
4320928
4321858
4331424
4346612
4361912
4372073
4375193
4383846
4389693
4391629
4414203
4417616
4420577
4427574
4427591
4428060
4433093
4443396
4452709
4463125
4490555
4493072
4497814
4520379
4532192
4543141
4546771
4554028
4559242
4564599
4565176
4568375
4569709
4578313
4584269
4595403
4599776
4605178
4633161
4636559
4643452
4658318
4674982
4679672
4683827
4686565
4686649
4692980
4696782
4711629
4712803
4713598
4714030
4714366
4720897
4721686
4723518
4732413
4736376
4747092
4756417
4764939
4789635
4805063
4806879
4808419
4812574
4833145
4837853
4860614
4882251
4882518
4888509
4897656
4910203
4913639
4932903
4964600
4986677
4999571
5000425
5014715
5017106
5018036
5023367
5025528
5042824
5045045
5060338
5060740
5061450
5072085
5089419
5097476
5117644
5118111
5127418
5171322
5172594
5201706
5207037
5212704
5223819
5229678
5239853
5248760
5278215
5280152
5290189
5295588
5328633
5335580
5357743
5372505
5383555
5386009
5392933
5398106
5409329
5411900
5415615
5419694
5446062
5452420
5453982
5474419
5480975
5487491
5491329
5497047
5501846
5513981
5514414
5519912
5530286
5539476
5553342
5555279
5561218
5583663
5585794
5592220
5599777
5610769
5613839
5619372
5620983
5621680
5630127
5645140
5679353
5680419
5694128
5696474
5705469
5705806
5706973
5710630
5718558
5736588
5749601
5753334
5760024
5762250
5763143
5765297
5768083
5771179
5773935
5782125
5782307
5799570
5808055
5828340
5849862
5853425
5872643
5885692
5893064
5896928
5910006
5913462
5924822
5930703
5930967
5950762
5966891
5981176
5997550
5999352
6000345
6001019
6001118
6003076
6007710
6010399
6020648
6038736
6042696
6046015
6068281
6073540
6080181
6090778
6095411
6098848
6114532
6121368
6129322
6130618
6131698
6141677
6150600
6151269
6176326
6177706
6180174
6203703
6209691
6213084
6222620
6223197
6230400
6240725
6241069
6278174
6282650
6306128
6319197
6320950
6330663
6332270
6346714
6350697
6366928
6378397
6388285
6389612
6390612
6404105
6413264
6415630
6441146
6451851
6461790
6461971
6480017
6483439
6502792
6510265
6525504
6535399
6543041
6548962
6559146
6584432
6587602
6595011
6615040
6631742
6648629
6665130
6670331
6671574
6680869
6703027
6716008
6728233
6731444
6735043
6754423
6763645
6765802
6768619
6779582
6796839
6797663
6805821
6816465
6823971
6829044
6838783
6839939
6851615
6853616
6869089
6885145
6890486
6893694
6902161
6903042
6921668
6940468
6946316
6963522
6964608
6978914
6981369
6992250
7018091
7024834
7027581
7061056
7075021
7075259
7076910
7087865
7094045
7097931
7104307
7111094
7140637
7157847
7162234
7165550
7171304
7182514
7185054
7190825
7199017
7215213
7230622
7249127
7260873
7266879
7272368
7275143
7294606
7317806
7320599
7322786
7322845
7327277
7369758
7407567
7409985
7417481
7424312
7424744
7445565
7449276
7452520
7490885
7492338
7508845
7510415
7510461
7512273
7532671
7536625
7556312
7565760
7568761
7583894
7583927
7591990
7600818
7601679
7605125
7616558
7627854
7633041
7643887
7665836
7678952
7680525
7702642
7709596
7716876
7717352
7762148
7766199
7779275
7794281
7798157
7805642
7808008
7825615
7846668
7857362
7865799
7872161
7873482
7927651
7928668
7931313
7937303
7946564
7947283
7948710
7962835
7973538
7980786
7985258
7995653
8006787
8017493
8018791
8018851
8019666
8032719
8067599
8071355
8080275
8081550
8098455
8107805
8120409
8129482
8130941
8140700
8195402
8196465
8199691
8205382
8220787
8232965
8245418
8246892
8247964
8263228
8263319
8274779
8275225
8281578
8287736
8311102
8311357
8316164
8330189
8333964
8343625
8345578
8345596
8355499
8357983
8369131
8369774
8377243
8379916
8397053
8402715
8406375
8411345
8427963
8432709
8432752
8436635
8457265
8459927
8464385
8476410
8482803
8485455
8486799
8500101
8522487
8533645
8545563
8564852
8566963
8575242
8577542
8580201
8588679
8611749
8613830
8619491
8650997
8663433
8673143
8676394
8683357
8695197
8705260
8723095
8733393
8746497
8770796
8772421
8775554
8776822
8781724
8788746
8789359
8796634
8802216
8818358
8828268
8832095
8838731
8839646
8847828
8856006
8856816
8867050
8879162
8893128
8896316
8901465
8902821
8904485
8928177
8934614
8936703
8936789
8958378
8962294
8975371
8978390
8999135
9003646
9022984
9023390
9030197
9035388
9048077
9064207
9065472
9078508
9085713
9096076
9097671
9103076
9105665
9106508
9107169
9111116
9112346
9120593
9127552
9143483
9166662
9169733
9178858
9188318
9189849
9199573
9205353
9207228
9208815
9217776
9220999
9221543
9228692
9232743
9242485
9259473
9260292
9262559
9296292
9296400
9301412
9307182
9328235
9331339
9341479
9358354
9363756
9383423
9385123
9391241
9393523
9405875
9407461
9438854
9458316
9461642
9463698
9478458
9489484
9494796
9497882
9519103
9522162
9522497
9530676
9579640
9580101
9586158
9593791
9602958
9604590
9605985
9609281
9610963
9635878
9641959
9646640
9656923
9657360
9670255
9673120
9685909
9715468
9752959
9753803
9775215
9776450
9784286
9784727
9784854
9788417
9800433
9821789
9823127
9823747
9831428
9835383
9838661
9878968
9882046
9910454
9925105
9938930
9959906
9964790
9965590
9974300
9987998
