1135612
1149234
1162580
1317407
1373713
1447721
1508936
1622823
1715508
1733649
1782429
1794197
1831414
2034103
2114933
2188871
2283515
2284541
2487028
2651468
2725690
2726935
2765559
2885243
2904175
2951012
2978526
3240348
3265463
3306637
3414831
3506123
3547814
3554090
3597062
3605039
3784191
3853330
4026316
4027146
4191539
4191560
4248665
4269622
4408779
4802315
5001095
5181525
5265157
5273070
5441581
5458234
5537740
5538832
5600284
5640358
5741301
5880963
5933870
6135738
6146099
6164822
6237740
6552994
6583982
6723673
6865542
6936456
7066452
7140154
7372871
7387863
7588131
7635503
7640062
7746338
7973001
8190361
8199900
8217026
8297173
8413745
8537578
8599243
8637323
8692210
8824866
8835640
8884110
9146318
9211579
9334711
9347252
9444652
9455673
9484575
9552790
9610361
9721822
9839897
